2
ois 31 0 1 0.0027397260273972603 0.99999888889012345 0.0054794520547945206 0.99999777778148147 0.00821917808219178 0.99999666667407405 0.024657534246575342 0.99998416688586766 0.043835616438356165 0.99997094522778418 0.063013698630136991 0.99995227995273084 0.093150684931506855 0.99993200447649677 0.17534246575342466 0.99989316829603958 0.25205479452054796 0.99988072533574768 0.32876712328767121 0.99988616916027984 0.40547945205479452 0.9998962792224787 0.50136986301369868 0.99990988910683531 1.252054794520548 0.99997250115735203 1.5041095890410958 0.99987623589793728 1.7616438356164383 0.99962395148004168 2.010958904109589 0.99926606086634251 3.0082191780821916 0.9961372921411632 4.0082191780821921 0.98892157692552018 5.0082191780821921 0.9770471776307762 6.0082191780821921 0.96112922309118576 7.0082191780821921 0.94241370679048875 8.0136986301369859 0.92129173514537022 9.0109589041095894 0.89893405557138806 10.010958904109589 0.87584867610000094 11.010958904109589 0.85169781349944274 12.013698630136986 0.82711949977400401 15.013698630136986 0.757006130222312 20.019178082191782 0.6640618817749524 25.024657534246575 0.59009292634063448 30.030136986301368 0.52593584089357648
proj 37 0.0054794520547945206 1 0.50684931506849318 0.9984158049285542 0.59178082191780823 0.99822250578226035 0.67123287671232879 0.99805975132366276 0.75616438356164384 0.99784684143556479 0.84383561643835614 0.99758955966912333 0.92328767123287669 0.99737428929220062 1.0054794520547945 0.99716597182812383 1.095890410958904 0.9969282713464368 1.1753424657534246 0.99673011335245065 1.252054794520548 0.99650911099647799 1.3397260273972602 0.99619218873569304 1.4191780821917808 0.99591717946554414 1.5041095890410958 0.99564081603808952 1.5890410958904109 0.99534217888908949 1.6712328767123288 0.99505413813950383 1.7616438356164383 0.99470008311199154 1.8410958904109589 0.99431698975276839 1.9232876712328768 0.99394100387406392 2.010958904109589 0.99355256174407924 3.0082191780821916 0.98737445404196766 4.0082191780821921 0.97723960798374665 5.0082191780821921 0.96259340976517027 6.0082191780821921 0.94421514082704261 7.0082191780821921 0.9232210226898433 8.0136986301369859 0.90020794754414712 9.0109589041095894 0.87616365240971916 10.010958904109589 0.85151477135139031 12.013698630136986 0.80119882191522152 15.013698630136986 0.73039228293868741 20.019178082191782 0.6372131748199199 25.024657534246575 0.5634092740440696 30.030136986301368 0.4999577831619107 35.027397260273972 0.43836844507180905 40.032876712328765 0.37869472079746536 50.038356164383565 0.28242492853605194 60.046575342465751 0.21172362667998912
8
swap_5y_example 15 10
C -6999.9999999998954 1.0054794520547945 0 0
C -6999.9999999998954 2.010958904109589 0 0
C -6999.9999999998954 3.0082191780821916 0 0
C -6999.9999999998954 4.0082191780821921 0 0
C -6999.9999999998954 5.0082191780821921 0 0
F 1000000 0.0054794520547945206 0.50410958904109593 0.50410958904109593
F 1000000 0.50410958904109593 1.0054794520547945 1.0054794520547945
F 1000000 1.0054794520547945 1.5041095890410958 1.5041095890410958
F 1000000 1.5041095890410958 2.010958904109589 2.010958904109589
F 1000000 2.010958904109589 2.5095890410958903 2.5095890410958903
F 1000000 2.5095890410958903 3.0082191780821916 3.0082191780821916
F 1000000 3.0082191780821916 3.506849315068493 3.506849315068493
F 1000000 3.506849315068493 4.0082191780821921 4.0082191780821921
F 1000000 4.0082191780821921 4.506849315068493 4.506849315068493
F 1000000 4.506849315068493 5.0082191780821921 5.0082191780821921
P 0.50410958904109593 0.0054794520547945206 0.50410958904109593 1000000 1579.4249193405997
P 1.0054794520547945 0.50410958904109593 1.0054794520547945 1000000 1260.6666666665767
P 1.5041095890410958 1.0054794520547945 1.5041095890410958 1000000 1531.833333333399
P 2.010958904109589 1.5041095890410958 2.010958904109589 1000000 2101.8055555557248
P 2.5095890410958903 2.010958904109589 2.5095890410958903 1000000 2800.3268118463875
P 3.0082191780821916 2.5095890410958903 3.0082191780821916 1000000 3447.1272007372545
P 3.506849315068493 3.0082191780821916 3.506849315068493 1000000 4595.8516967952164
P 4.0082191780821921 3.506849315068493 4.0082191780821921 1000000 5748.6201146781377
P 4.506849315068493 4.0082191780821921 4.506849315068493 1000000 6968.2316807273546
P 5.0082191780821921 4.506849315068493 5.0082191780821921 1000000 8190.0508292336308
swap_1y5y_fwd_example 15 10
C -6999.9999999998954 2.010958904109589 0 0
C -6999.9999999998954 3.0082191780821916 0 0
C -6999.9999999998954 4.0082191780821921 0 0
C -6999.9999999998954 5.0082191780821921 0 0
C -6999.9999999998954 6.0082191780821921 0 0
F 1000000 1.0054794520547945 1.5041095890410958 1.5041095890410958
F 1000000 1.5041095890410958 2.010958904109589 2.010958904109589
F 1000000 2.010958904109589 2.5095890410958903 2.5095890410958903
F 1000000 2.5095890410958903 3.0082191780821916 3.0082191780821916
F 1000000 3.0082191780821916 3.506849315068493 3.506849315068493
F 1000000 3.506849315068493 4.0082191780821921 4.0082191780821921
F 1000000 4.0082191780821921 4.506849315068493 4.506849315068493
F 1000000 4.506849315068493 5.0082191780821921 5.0082191780821921
F 1000000 5.0082191780821921 5.506849315068493 5.506849315068493
F 1000000 5.506849315068493 6.0082191780821921 6.0082191780821921
P 1.5041095890410958 1.0054794520547945 1.5041095890410958 1000000 1531.833333333399
P 2.010958904109589 1.5041095890410958 2.010958904109589 1000000 2101.8055555557248
P 2.5095890410958903 2.010958904109589 2.5095890410958903 1000000 2800.3268118463875
P 3.0082191780821916 2.5095890410958903 3.0082191780821916 1000000 3447.1272007372545
P 3.506849315068493 3.0082191780821916 3.506849315068493 1000000 4595.8516967952164
P 4.0082191780821921 3.506849315068493 4.0082191780821921 1000000 5748.6201146781377
P 4.506849315068493 4.0082191780821921 4.506849315068493 1000000 6968.2316807273546
P 5.0082191780821921 4.506849315068493 5.0082191780821921 1000000 8190.0508292336308
P 5.506849315068493 5.0082191780821921 5.506849315068493 1000000 9174.922139117969
P 6.0082191780821921 5.506849315068493 6.0082191780821921 1000000 10195.603297600941
bond_fixed_4.5_example 10 0
C 2.2499999999999964 0.42465753424657532 0 0
C 2.2499999999999964 0.92876712328767119 0 0
C 2.2499999999999964 1.4246575342465753 0 0
C 2.2499999999999964 1.9342465753424658 0 0
C 2.2499999999999964 2.4246575342465753 0 0
C 2.2499999999999964 2.9315068493150687 0 0
C 2.2499999999999964 3.43013698630137 0 0
C 2.2499999999999964 3.9315068493150687 0 0
C 2.2499999999999964 4.4273972602739722 0 0
C 100 4.4273972602739722 0 0
bond_zero_example 1 0
C 100 0.67671232876712328 0 0
bond_35y_beyond_last_pillar 36 0
C 40000.000000000036 1.0054794520547945 0 0
C 40000.000000000036 2.0054794520547947 0 0
C 40000.000000000036 3.0054794520547947 0 0
C 40000.000000000036 4.0082191780821921 0 0
C 40000.000000000036 5.0082191780821921 0 0
C 40000.000000000036 6.0082191780821921 0 0
C 40000.000000000036 7.0082191780821921 0 0
C 40000.000000000036 8.0109589041095894 0 0
C 40000.000000000036 9.0109589041095894 0 0
C 40000.000000000036 10.010958904109589 0 0
C 40000.000000000036 11.010958904109589 0 0
C 40000.000000000036 12.013698630136986 0 0
C 40000.000000000036 13.013698630136986 0 0
C 40000.000000000036 14.013698630136986 0 0
C 40000.000000000036 15.013698630136986 0 0
C 40000.000000000036 16.016438356164382 0 0
C 40000.000000000036 17.016438356164382 0 0
C 40000.000000000036 18.016438356164382 0 0
C 40000.000000000036 19.016438356164382 0 0
C 40000.000000000036 20.019178082191782 0 0
C 40000.000000000036 21.019178082191782 0 0
C 40000.000000000036 22.019178082191782 0 0
C 40000.000000000036 23.019178082191782 0 0
C 40000.000000000036 24.021917808219179 0 0
C 40000.000000000036 25.021917808219179 0 0
C 40000.000000000036 26.021917808219179 0 0
C 40000.000000000036 27.021917808219179 0 0
C 40000.000000000036 28.024657534246575 0 0
C 40000.000000000036 29.024657534246575 0 0
C 40000.000000000036 30.024657534246575 0 0
C 40000.000000000036 31.024657534246575 0 0
C 40000.000000000036 32.027397260273972 0 0
C 40000.000000000036 33.027397260273972 0 0
C 40000.000000000036 34.027397260273972 0 0
C 40000.000000000036 35.027397260273972 0 0
C 1000000 35.027397260273972 0 0
ois_5y_lag2 10 0
C -5069.4444444443488 1.0164383561643835 0 0
C -5097.2222222223081 2.0164383561643837 0 0
C -5055.5555555555911 3.0136986301369864 0 0
C -5069.4444444443488 4.0136986301369859 0 0
C -5069.4444444443488 5.0136986301369859 0 0
O 1000000 0.0054794520547945206 1.0054794520547945 1.0164383561643835
O 1000000 1.0054794520547945 2.010958904109589 2.0164383561643837
O 1000000 2.010958904109589 3.0082191780821916 3.0136986301369864
O 1000000 3.0082191780821916 4.0082191780821921 4.0136986301369859
O 1000000 4.0082191780821921 5.0082191780821921 5.0136986301369859
swap_amort_7y 21 14
C -12000.000000000011 1.0054794520547945 0 0
C -10285.714285714295 2.0054794520547947 0 0
C -8571.4285714285797 3.0054794520547947 0 0
C -6857.1428571428623 4.0082191780821921 0 0
C -5142.8571428571477 5.0082191780821921 0 0
C -3428.5714285714312 6.0082191780821921 0 0
C -1714.2857142857163 7.0082191780821921 0 0
F 1000000 0.0054794520547945206 0.50410958904109593 0.50410958904109593
F 1000000 0.50410958904109593 1.0054794520547945 1.0054794520547945
F 857142.85714285716 1.0054794520547945 1.5041095890410958 1.5041095890410958
F 857142.85714285716 1.5041095890410958 2.010958904109589 2.010958904109589
F 714285.71428571432 2.010958904109589 2.5095890410958903 2.5095890410958903
F 714285.71428571432 2.5095890410958903 3.0082191780821916 3.0082191780821916
F 571428.57142857136 3.0082191780821916 3.506849315068493 3.506849315068493
F 571428.57142857136 3.506849315068493 4.0082191780821921 4.0082191780821921
F 428571.42857142858 4.0082191780821921 4.506849315068493 4.506849315068493
F 428571.42857142858 4.506849315068493 5.0082191780821921 5.0082191780821921
F 285714.28571428568 5.0082191780821921 5.506849315068493 5.506849315068493
F 285714.28571428568 5.506849315068493 6.0082191780821921 6.0082191780821921
F 142857.1428571429 6.0082191780821921 6.506849315068493 6.506849315068493
F 142857.1428571429 6.506849315068493 7.0082191780821921 7.0082191780821921
P 0.50410958904109593 0.0054794520547945206 0.50410958904109593 1000000 1579.4249193405997
P 1.0054794520547945 0.50410958904109593 1.0054794520547945 1000000 1260.6666666665767
P 1.5041095890410958 1.0054794520547945 1.5041095890410958 857142.85714285716 1313.0000000000562
P 2.010958904109589 1.5041095890410958 2.010958904109589 857142.85714285716 1801.5476190477641
P 2.5095890410958903 2.010958904109589 2.5095890410958903 714285.71428571432 2000.2334370331341
P 3.0082191780821916 2.5095890410958903 3.0082191780821916 714285.71428571432 2462.2337148123247
P 3.506849315068493 3.0082191780821916 3.506849315068493 571428.57142857136 2626.2009695972665
P 4.0082191780821921 3.506849315068493 4.0082191780821921 571428.57142857136 3284.9257798160784
P 4.506849315068493 4.0082191780821921 4.506849315068493 428571.42857142858 2986.3850060260093
P 5.0082191780821921 4.506849315068493 5.0082191780821921 428571.42857142858 3510.0217839572701
P 5.506849315068493 5.0082191780821921 5.506849315068493 285714.28571428568 2621.4063254622765
P 6.0082191780821921 5.506849315068493 6.0082191780821921 285714.28571428568 2913.0295136002687
P 6.506849315068493 6.0082191780821921 6.506849315068493 142857.1428571429 1557.0763470636862
P 7.0082191780821921 6.506849315068493 7.0082191780821921 142857.1428571429 1673.2683887821236
swap_stub_spread_6y 33 13
C -1833.3333333333535 0.17534246575342466 0 0
C -10999.999999999898 1.1753424657534246 0 0
C -10999.999999999898 2.1753424657534248 0 0
C -10999.999999999898 3.1753424657534248 0 0
C -10999.999999999898 4.1780821917808222 0 0
C -10999.999999999898 5.1780821917808222 0 0
C -9166.6666666667679 6.0082191780821921 0 0
F 1000000 0.0054794520547945206 0.17534246575342466 0.17534246575342466
C 430.55555555555554 0.17534246575342466 0 0
F 1000000 0.17534246575342466 0.67123287671232879 0.67123287671232879
C 1256.9444444444443 0.67123287671232879 0 0
F 1000000 0.67123287671232879 1.1753424657534246 1.1753424657534246
C 1277.7777777777776 1.1753424657534246 0 0
F 1000000 1.1753424657534246 1.6712328767123288 1.6712328767123288
C 1256.9444444444443 1.6712328767123288 0 0
F 1000000 1.6712328767123288 2.1753424657534248 2.1753424657534248
C 1277.7777777777776 2.1753424657534248 0 0
F 1000000 2.1753424657534248 2.6712328767123288 2.6712328767123288
C 1256.9444444444443 2.6712328767123288 0 0
F 1000000 2.6712328767123288 3.1808219178082191 3.1808219178082191
C 1291.666666666667 3.1808219178082191 0 0
F 1000000 3.1808219178082191 3.6794520547945204 3.6794520547945204
C 1263.8888888888889 3.6794520547945204 0 0
F 1000000 3.6794520547945204 4.1780821917808222 4.1780821917808222
C 1263.8888888888889 4.1780821917808222 0 0
F 1000000 4.1780821917808222 4.6767123287671231 4.6767123287671231
C 1263.8888888888889 4.6767123287671231 0 0
F 1000000 4.6767123287671231 5.1780821917808222 5.1780821917808222
C 1270.8333333333333 5.1780821917808222 0 0
F 1000000 5.1780821917808222 5.6739726027397257 5.6739726027397257
C 1256.9444444444443 5.6739726027397257 0 0
F 1000000.0000000001 5.6739726027397257 6.0082191780821921 6.0082191780821921
C 847.2222222222224 6.0082191780821921 0 0
P 0.17534246575342466 0.0054794520547945206 0.17534246575342466 1000000 575.67773281763652
P 0.67123287671232879 0.17534246575342466 0.67123287671232879 1000000 1367.5555555554556
P 1.1753424657534246 0.67123287671232879 1.1753424657534246 1000000 1333.9999999999466
P 1.6712328767123288 1.1753424657534246 1.6712328767123288 1000000 1684.3055555555429
P 2.1753424657534248 1.6712328767123288 2.1753424657534248 1000000 2385.6232907299991
P 2.6712328767123288 2.1753424657534248 2.6712328767123288 1000000 2955.7725476265787
P 3.1808219178082191 2.6712328767123288 3.1808219178082191 1000000 3855.0307937870175
P 3.6794520547945204 3.1808219178082191 3.6794520547945204 1000000 5032.7504328331333
P 4.1780821917808222 3.6794520547945204 4.1780821917808222 1000000 6069.9138338504717
P 4.6767123287671231 4.1780821917808222 4.6767123287671231 1000000 7453.0261287133471
P 5.1780821917808222 4.6767123287671231 5.1780821917808222 1000000 8487.496102463685
P 5.6739726027397257 5.1780821917808222 5.6739726027397257 1000000 9520.0009801807973
P 6.0082191780821921 5.6739726027397257 6.0082191780821921 1000000.0000000001 6860.9821384375546
