8
swap_5y_example 15 10
1.0054794520547945 -6999.7367140222286
2.010958904109589 -6994.8624260642928
3.0082191780821916 -6972.9610449880383
4.0082191780821921 -6922.4510384785381
5.0082191780821921 -6839.3302434153311
0.50410958904109593 1579.283051233592
1.0054794520547945 1260.6192501157416
1.5041095890410958 1531.6437473563892
2.010958904109589 2100.2629582071636
2.5095890410958903 2794.7297783527797
3.0082191780821916 3433.8119554085565
3.506849315068493 4564.2097400388984
4.0082191780821921 5684.9344689532691
4.506849315068493 6853.8078570216912
5.0082191780821921 8002.0660473553171
0.50410958904109593 0.0054794520547945206 0.50410958904109593 1001489.460416887
1.0054794520547945 0.50410958904109593 1.0054794520547945 1001223.0069675919
1.5041095890410958 1.0054794520547945 1.5041095890410958 1001407.8796452936
2.010958904109589 1.5041095890410958 2.010958904109589 1001366.3238245497
2.5095890410958903 2.010958904109589 2.5095890410958903 1000796.0225310664
3.0082191780821916 2.5095890410958903 3.0082191780821916 999571.10409657191
3.506849315068493 3.0082191780821916 3.506849315068493 997679.31465554715
4.0082191780821921 3.506849315068493 4.0082191780821921 994606.51139447349
4.506849315068493 4.0082191780821921 4.506849315068493 990433.02437157359
5.0082191780821921 4.506849315068493 5.0082191780821921 985049.24367813161
swap_1y5y_fwd_example 15 10
2.010958904109589 -6994.8624260642928
3.0082191780821916 -6972.9610449880383
4.0082191780821921 -6922.4510384785381
5.0082191780821921 -6839.3302434153311
6.0082191780821921 -6727.9045616382
1.5041095890410958 1531.6437473563892
2.010958904109589 2100.2629582071636
2.5095890410958903 2794.7297783527797
3.0082191780821916 3433.8119554085565
3.506849315068493 4564.2097400388984
4.0082191780821921 5684.9344689532691
4.506849315068493 6853.8078570216912
5.0082191780821921 8002.0660473553171
5.506849315068493 8895.6427428607658
6.0082191780821921 9799.292276369124
1.5041095890410958 1.0054794520547945 1.5041095890410958 1001407.8796452936
2.010958904109589 1.5041095890410958 2.010958904109589 1001366.3238245497
2.5095890410958903 2.010958904109589 2.5095890410958903 1000796.0225310664
3.0082191780821916 2.5095890410958903 3.0082191780821916 999571.10409657191
3.506849315068493 3.0082191780821916 3.506849315068493 997679.31465554715
4.0082191780821921 3.506849315068493 4.0082191780821921 994606.51139447349
4.506849315068493 4.0082191780821921 4.506849315068493 990433.02437157359
5.0082191780821921 4.506849315068493 5.0082191780821921 985049.24367813161
5.506849315068493 5.0082191780821921 5.506849315068493 978456.21317359246
6.0082191780821921 5.506849315068493 6.0082191780821921 970928.51536755497
bond_fixed_4.5_example 10 0
0.42465753424657532 2.2497728620035269
0.92876712328767119 2.2499009876086222
1.4246575342465753 2.2498185979406062
1.9342465753424658 2.2486505664324601
2.4246575342465753 2.2460797212041075
2.9315068493150687 2.2420464973278831
3.43013698630137 2.2357683855706294
3.9315068493150687 2.226612842571821
4.4273972602739722 2.2151929148978904
4.4273972602739722 98.453018439906401
bond_zero_example 1 0
0.67671232876712328 99.992936308157127
bond_35y_beyond_last_pillar 36 0
1.0054794520547945 39998.495508699081
2.0054794520547947 39971.07034456783
3.0054794520547947 39845.97055385563
4.0082191780821921 39556.86307702084
5.0082191780821921 39081.887105231086
6.0082191780821921 38445.168923647463
7.0082191780821921 37696.548271619584
8.0109589041095894 36854.046347762029
9.0109589041095894 35957.362222855554
10.010958904109589 35033.947044000073
11.010958904109589 34067.91253997774
12.013698630136986 33084.779990960189
13.013698630136986 32116.253415207415
14.013698630136986 31162.565417713093
15.013698630136986 30280.245208892509
16.016438356164382 29467.368224227859
17.016438356164382 28690.841270056393
18.016438356164382 27948.249064601383
19.016438356164382 27239.44412431612
20.019178082191782 26562.475270998119
21.019178082191782 25921.627838723209
22.019178082191782 25311.666207196584
23.019178082191782 24726.553364768279
24.021917808219179 24158.72109425041
25.021917808219179 23605.221501891061
26.021917808219179 23066.240409766644
27.021917808219179 22544.738257841193
28.024657534246575 22034.975501976376
29.024657534246575 21535.366980694966
30.024657534246575 21040.143142859284
31.024657534246575 20551.361512681429
32.027397260273972 20072.641892077023
33.027397260273972 19606.33603197991
34.027397260273972 19150.862884204875
35.027397260273972 18705.970794920613
35.027397260273972 467649.26987301488
ois_5y_lag2 25 0
1.0164383561643835 -5069.2578891614703
2.0164383561643837 -5093.4259877918039
3.0136986301369864 -5035.9056801741008
4.0136986301369859 -5013.0330255850249
5.0136986301369859 -4952.7080441323924
1.0164383561643835 999998.59014654334
0.0054794520547945206 999998.59014654334
1.0054794520547945 -999998.59014654334
1.0164383561643835 -999963.20005378837
2.0164383561643837 999951.55396915541
1.0054794520547945 999951.55396915541
2.010958904109589 -999951.55396915541
2.0164383561643837 -999255.23466213536
3.0136986301369864 999241.90455315262
2.010958904109589 999241.90455315262
3.0082191780821916 -999241.90455315262
3.0136986301369864 -996113.21146300202
4.0136986301369859 996087.6234916969
3.0082191780821916 996087.6234916969
4.0082191780821921 -996087.6234916969
4.0136986301369859 -988872.26806062623
5.0136986301369859 988846.03795832954
4.0082191780821921 988846.03795832954
5.0082191780821921 -988846.03795832954
5.0136986301369859 -976972.54569188762
swap_amort_7y 21 14
1.0054794520547945 -11999.548652609725
2.0054794520547947 -10278.2752314603
3.0054794520547947 -8538.4222615404924
4.0082191780821921 -6781.1765274892869
5.0082191780821921 -5024.8140563868537
6.0082191780821921 -3295.3001934554964
7.0082191780821921 -1615.5663544979825
0.50410958904109593 1579.283051233592
1.0054794520547945 1260.6192501157416
1.5041095890410958 1312.8374977340477
2.010958904109589 1800.2253927489974
2.5095890410958903 1996.2355559662715
3.0082191780821916 2452.7228252918262
3.506849315068493 2608.1198514507987
4.0082191780821921 3248.5339822590104
4.506849315068493 2937.3462244378679
5.0082191780821921 3429.4568774379927
5.506849315068493 2541.6122122459328
6.0082191780821921 2799.7977932483209
6.506849315068493 1482.5253498905463
7.0082191780821921 1576.9110647275097
0.50410958904109593 0.0054794520547945206 0.50410958904109593 1001489.460416887
1.0054794520547945 0.50410958904109593 1.0054794520547945 1001223.0069675919
1.5041095890410958 1.0054794520547945 1.5041095890410958 858349.61112453742
2.010958904109589 1.5041095890410958 2.010958904109589 858313.99184961396
2.5095890410958903 2.010958904109589 2.5095890410958903 714854.30180790462
3.0082191780821916 2.5095890410958903 3.0082191780821916 713979.36006897979
3.506849315068493 3.0082191780821916 3.506849315068493 570102.46551745536
4.0082191780821921 3.506849315068493 4.0082191780821921 568346.57793969905
4.506849315068493 4.0082191780821921 4.506849315068493 424471.29615924583
5.0082191780821921 4.506849315068493 5.0082191780821921 422163.96157634218
5.506849315068493 5.0082191780821921 5.506849315068493 279558.91804959782
6.0082191780821921 5.506849315068493 6.0082191780821921 277408.14724787278
6.506849315068493 6.0082191780821921 6.506849315068493 137499.83503289937
7.0082191780821921 6.506849315068493 7.0082191780821921 136207.44060622595
swap_stub_spread_6y 20 13
0.17534246575342466 -1833.1374752094262
1.1753424657534246 -10999.685540274542
2.1753424657534248 -10988.033921655389
3.1753424657534248 -10948.320561257387
4.1780821917808222 -10860.136575713022
5.1780821917808222 -10721.097199457739
6.0082191780821921 -8810.3512116693
0.17534246575342466 1006.1257907564135
0.67123287671232879 2624.3129782026008
1.1753424657534246 2611.703114239298
1.6712328767123288 2940.4512074129279
2.1753424657534248 3659.4159281265834
2.6712328767123288 4202.0383412685369
3.1808219178082191 5122.3593178736965
3.6794520547945204 6244.7608706916208
4.1780821917808222 7240.5544716623826
4.6767123287671231 8555.2375807646094
5.1780821917808222 9510.9089441373108
5.6739726027397257 10419.285407479145
6.0082191780821921 7408.5804685890216
0.17534246575342466 0.0054794520547945206 0.17534246575342466 1000468.7845282241
0.67123287671232879 0.17534246575342466 0.67123287671232879 1001296.1981312853
1.1753424657534246 0.67123287671232879 1.1753424657534246 1001305.3746168519
1.6712328767123288 1.1753424657534246 1.6712328767123288 1001412.2654372889
2.1753424657534248 1.6712328767123288 2.1753424657534248 1001295.2028453022
2.6712328767123288 2.1753424657534248 2.6712328767123288 1000413.4193618956
3.1808219178082191 2.6712328767123288 3.1808219178082191 999107.91537524376
3.6794520547945204 3.1808219178082191 3.6794520547945204 996752.21542626072
4.1780821917808222 3.6794520547945204 4.1780821917808222 993277.8789955955
4.6767123287671231 4.1780821917808222 4.6767123287671231 988767.23847678723
5.1780821917808222 4.6767123287671231 5.1780821917808222 982917.49728657934
5.6739726027397257 5.1780821917808222 5.6739726027397257 976016.54275213159
6.0082191780821921 5.6739726027397257 6.0082191780821921 967723.513523545
