OIS 2y -2.2737367544323206e-09 -2.2737367544323206e-09 -2739.7199386007287 -16438.319634932555 -19178.039573533282 -19178.039573533282 -30136.919331265515 -82191.598175774052 -76712.158296353431 -76712.158296353431 -76712.158296353431 -95890.197870995165 -750593.26741259266 -251962.23788681094 -257439.67784128073 -249223.51791012942 0 0 0 0 0 0 0 0 0 0 0 0 0 0 0 0 0 0 0 0 0 0 0 0 0 0 0 0 0 0 0 0 0 0 0 0 0 0 0 0 0 0 0 0 0 0 0 0 0 0
OIS 3y -2.2737367544323206e-09 -2.2737367544323206e-09 -2739.7199385995918 -16438.319634921754 -19178.039573519072 -19178.039573519072 -30136.91933124619 -82191.598175720617 -76712.158296304551 -76712.158296304551 -76712.158296304551 -95890.197870937744 -750365.77596846654 -251729.69107801918 -257202.07566707811 -248993.49878404109 -994683.79696546658 0 0 0 0 0 0 0 0 0 0 0 0 0 0 0 0 0 0 0 0 0 0 0 0 0 0 0 0 0 0 0 0 0 0 0 0 0 0 0 0 0 0 0 0 0 0 0 0 0
OIS 4y 0 0 -2739.7199385995918 -16438.31963602679 -19178.039574617287 -19178.039574617287 -30136.919331262106 -82191.598175731997 -76712.158296322741 -76712.158296322741 -76712.158296322741 -95890.197870940028 -749998.28979142872 -251354.03854102149 -256818.25677058441 -248621.9294267903 -991704.13876173366 -991668.85765902407 0 0 0 0 0 0 0 0 0 0 0 0 0 0 0 0 0 0 0 0 0 0 0 0 0 0 0 0 0 0 0 0 0 0 0 0 0 0 0 0 0 0 0 0 0 0 0 0
OIS 5y 3.637978807091713e-08 3.637978807091713e-08 -2739.7199385814019 -16438.319636035885 -19178.039574617287 -19178.039574617287 -30136.919331253011 -82191.598176814296 -76712.158296322741 -76712.158296322741 -76712.158296322741 -95890.197870958218 -749543.30690314237 -250888.9449237904 -256343.05242252594 -248161.89117496833 -988015.03812850569 -986136.50814952049 -981564.39405065612 0 0 0 0 0 0 0 0 0 0 0 0 0 0 0 0 0 0 0 0 0 0 0 0 0 0 0 0 0 0 0 0 0 0 0 0 0 0 0 0 0 0 0 0 0 0 0
OIS 6y 0 0 -2739.7199386177817 -16438.319634980871 -19178.039574617287 -19178.039574617287 -30136.919331271201 -82191.598176796106 -76712.158296322741 -76712.158296322741 -76712.158296322741 -95890.197870976408 -749065.82486317342 -250400.85217158776 -255844.34895943559 -247679.10377988301 -984143.50944309263 -980330.58091699786 -973843.39271120552 -967434.09891660116 0 0 0 0 0 0 0 0 0 0 0 0 0 0 0 0 0 0 0 0 0 0 0 0 0 0 0 0 0 0 0 0 0 0 0 0 0 0 0 0 0 0 0 0 0 0
OIS 7y 0 0 -2739.7199386541615 -16438.319634944492 -19178.039573562273 -19178.039573562273 -30136.919331343961 -82191.598175741092 -76712.158296395501 -76712.158296395501 -76712.158296395501 -95890.197871012788 -748615.84178790508 -249940.86947321193 -255374.36663707922 -247224.12089347927 -980494.94837734522 -974859.02645697934 -966567.05637033156 -958374.65147356852 -950315.71641477058 0 0 0 0 0 0 0 0 0 0 0 0 0 0 0 0 0 0 0 0 0 0 0 0 0 0 0 0 0 0 0 0 0 0 0 0 0 0 0 0 0 0 0 0 0
OIS 8y 1.0186340659856796e-06 1.0186340659856796e-06 -2739.7199375991477 -16438.319635999505 -19178.039574617287 -19178.039574617287 -30136.919331343961 -82191.598175704712 -76712.158297304995 -76712.158297304995 -76712.158297304995 -95890.197869885014 -748193.3576783922 -249508.99682771706 -254933.10545578424 -246796.94251673936 -977069.3549321004 -969721.84476959228 -959735.38502803422 -949868.83692981792 -940163.03364260239 -935745.65726950823 0 0 0 0 0 0 0 0 0 0 0 0 0 0 0 0 0 0 0 0 0 0 0 0 0 0 0 0 0 0 0 0 0 0 0 0 0 0 0 0 0 0 0 0
OIS 9y 2.0372681319713593e-06 2.0372681319713593e-06 -2739.7199365805136 -16438.319635926746 -19178.039574544528 -19178.039574544528 -30136.919332362595 -82191.598175704712 -76712.158297232236 -76712.158297232236 -76712.158297232236 -95890.197869957774 -747815.87187724654 -249123.12245294743 -254538.84250775445 -246415.26242870896 -974008.61759357213 -965131.8185270793 -953631.34731895116 -942268.96712949383 -931091.70169722347 -925173.90438319126 -906867.99924536899 0 0 0 0 0 0 0 0 0 0 0 0 0 0 0 0 0 0 0 0 0 0 0 0 0 0 0 0 0 0 0 0 0 0 0 0 0 0 0 0 0 0 0
OIS 10y 1.1641532182693481e-06 1.1641532182693481e-06 -2739.7199374536285 -16438.319636072265 -19178.039574617287 -19178.039574617287 -30136.919332362595 -82191.598175704712 -76712.158297304995 -76712.158297304995 -76712.158297304995 -95890.197869885014 -747483.38438279461 -248783.24634730234 -254191.57779171655 -246079.08062920615 -971312.73636266997 -961088.9477308956 -948254.94324395549 -935575.04207346938 -923101.72057979798 -915862.36045113765 -896386.85015015653 -887215.24706321361 0 0 0 0 0 0 0 0 0 0 0 0 0 0 0 0 0 0 0 0 0 0 0 0 0 0 0 0 0 0 0 0 0 0 0 0 0 0 0 0 0 0
IRS 3y -0.032143243515747599 -0.032143243515747599 -0.032143243515747599 -0.19285947018943261 -0.2250027046102332 -0.2250027046102332 -0.35357568776817061 -0.96429728728253394 -0.90001079115609173 -0.90001079115609173 -0.90001079115609173 -1.1250134957663249 -455.42192860921205 349.90396272405633 -36.940147920176969 -35.761207054747501 594.19005124254909 0 0 0 0 0 0 0 0 0 0 0 0 0 -502115.90377774881 -85035.378673919695 -79549.225211985686 -85035.378673919695 -87778.455405441491 -79549.225211985686 -82292.301942397899 -90538.246654659815 -79563.91372545113 -76820.3304956387 -87794.663421518635 -79563.91372545113 -85051.080190614812 -85047.550790677633 -82304.081411512016 -90534.489552337618 -79560.612031255005 -82304.081411512016 -87791.020172062417 -997443.33478790394 0 0 0 0 0 0 0 0 0 0 0 0 0 0 0 0
IRS 4y -1.8189894035458565e-08 -1.8189894035458565e-08 -1.8189894035458565e-08 1.8189894035458565e-08 -1.8189894035458565e-08 -1.8189894035458565e-08 0 0 1.8189894035458565e-08 1.8189894035458565e-08 1.8189894035458565e-08 0 -71.834255613794085 735.97001861344324 357.51864834310254 346.10847871590522 3636.3918844836007 2264.5987147006963 0 0 0 0 0 0 0 0 0 0 0 0 -502115.90377773973 -85035.3786739106 -79549.225211994781 -85035.3786739106 -87778.455405441491 -79549.225211994781 -82292.301942397899 -90538.246653559327 -79563.91372545113 -76820.330495647795 -87794.663421518635 -79563.91372545113 -85051.080190623907 -85047.550790677633 -82304.081411512016 -90534.489551246224 -79560.612031255005 -82304.081411512016 -87791.020172062417 -997443.33478789486 -996138.70412043971 0 0 0 0 0 0 0 0 0 0 0 0 0 0 0
IRS 5y 0 0 0 0 0 0 -3.637978807091713e-08 0 0 0 0 3.637978807091713e-08 386.77863216435071 1204.7743030052516 836.51433018530952 809.81706440070411 7344.768955881591 7835.9790017202613 3974.4817067548865 0 0 0 0 0 0 0 0 0 0 0 -502115.90377664834 -85035.378675020183 -79549.225213086174 -85035.378675020183 -87778.455405423301 -79549.225213086174 -82292.301941306505 -90538.246653559327 -79563.913726560713 -76820.330496739189 -87794.663421518635 -79563.913726560713 -85051.08019169711 -85047.550791750837 -82304.081410438812 -90534.489551246224 -79560.612032364588 -82304.081410438812 -87791.020172044227 -997443.33478680346 -996138.70411936659 -987733.75939334068 0 0 0 0 0 0 0 0 0 0 0 0 0 0
IRS 6y 0 0 0 0 -7.2759576141834259e-08 -7.2759576141834259e-08 0 0 0 0 0 -3.637978807091713e-08 860.18548405263573 1688.7013062660117 1330.9614856916596 1288.4839915568591 11172.771094097698 13587.081233417848 11624.313369356969 5065.7550503819948 0 0 0 0 0 0 0 0 0 0 -502115.90377664834 -85035.378675020183 -79549.225213086174 -85035.378675020183 -87778.455405423301 -79549.225213086174 -82292.301941306505 -90538.246653559327 -79563.913726560713 -76820.330496739189 -87794.663421518635 -79563.913726560713 -85051.08019169711 -85047.550791750837 -82304.081410438812 -90534.489551246224 -79560.612032364588 -82304.081410438812 -87791.020172044227 -997443.33478680346 -996138.70411936659 -987733.75939334068 -974682.0527624368 0 0 0 0 0 0 0 0 0 0 0 0 0
IRS 7y -7.2759576141834259e-08 -7.2759576141834259e-08 -7.2759576141834259e-08 -7.2759576141834259e-08 0 0 7.2759576141834259e-08 -1.4551915228366852e-07 0 0 0 0 1306.4700683753472 2144.903325024643 1797.0809395774268 1739.7272925882135 14781.460609883652 19008.69323319057 18835.873426360195 14045.77050183434 5516.6046118392842 0 0 0 0 0 0 0 0 0 -502115.90377657558 -85035.378675092943 -79549.225213122554 -85035.378675092943 -87778.455404331908 -79549.225213122554 -82292.301941342885 -90538.246653595706 -79563.913726597093 -76820.330495538656 -87794.663420354482 -79563.913726597093 -85051.080191624351 -85047.550791787216 -82304.081410402432 -90534.489551209845 -79560.612032364588 -82304.081410402432 -87791.020170989214 -997443.3347878221 -996138.70411936659 -987733.75939344987 -974682.05276236404 -957963.07231386891 0 0 0 0 0 0 0 0 0 0 0 0
IRS 8y -0.091358015197329223 -0.091358015197329223 -0.091358015197329223 -0.54814758186694235 -0.63950552430469543 -0.63950552430469543 -1.0049371485365555 -2.7407377638155594 -2.5580218789400533 -2.5580218789400533 -2.5580218789400533 -3.1975272577255964 1695.668992397259 2559.9345237424131 2221.134555657045 2150.2472826978192 18097.708196146414 24007.562043407233 25496.130488681956 22347.466825303854 15432.998032774776 5751.3986129924888 0 0 0 0 0 0 0 0 -502115.90377657558 -85035.378676184337 -79549.225214213948 -85035.378676184337 -87778.455404331908 -79549.225214213948 -82292.301940251491 -90538.246653595706 -79563.913727688487 -76820.330495538656 -87794.663420354482 -79563.913727688487 -85051.080192715744 -85047.55079287861 -82304.081409311038 -90534.489551209845 -79560.612033455982 -82304.081409311038 -87791.020170989214 -997443.3347878221 -996138.70411936659 -987733.75939344987 -974682.05276236404 -957963.07231386891 -943601.67061073298 0 0 0 0 0 0 0 0 0 0 0
IRS 9y 7.2759576141834259e-08 7.2759576141834259e-08 7.2759576141834259e-08 2.1827872842550278e-07 -1.4551915228366852e-07 -1.4551915228366852e-07 0 -1.4551915228366852e-07 0 0 0 1.4551915228366852e-07 2088.0845061765285 2943.8869709701976 2613.4337953408249 2530.026333843125 21101.651640346972 28504.002647096058 31466.064244377776 29773.200878116768 24290.814630439854 16069.641844733269 5483.8041106995661 0 0 0 0 0 0 0 -502115.90377555694 -85035.378676111577 -79549.225214213948 -85035.378676111577 -87778.455403386033 -79549.225214213948 -82292.301940178731 -90538.246652649832 -79563.913727688487 -76820.330495611415 -87794.663419408607 -79563.913727688487 -85051.080192642985 -85047.550792805851 -82304.081409238279 -90534.48955026397 -79560.612033455982 -82304.081409238279 -87791.020170043339 -997443.33478774934 -996138.70411842072 -987733.759392504 -974682.05276141816 -957963.07231292303 -943601.67061073298 -914404.23641644884 0 0 0 0 0 0 0 0 0 0
IRS 10y 1.4551915228366852e-07 1.4551915228366852e-07 1.4551915228366852e-07 0 -2.9103830456733704e-07 -2.9103830456733704e-07 -1.4551915228366852e-07 0 0 0 0 1.4551915228366852e-07 2413.5517167451326 3276.5867859416176 2953.3662146423012 2859.1098463220987 23733.403109945357 32457.885431213072 36725.323512364412 36322.162422729889 32108.466751669766 25180.932873336133 15733.389218657976 5166.5435808536131 0 0 0 0 0 0 -502115.90377453831 -85035.378677130211 -79549.225214141188 -85035.378677130211 -87778.455403313274 -79549.225214141188 -82292.301940178731 -90538.246652722592 -79563.913727615727 -76820.33049655729 -87794.663419335848 -79563.913727615727 -85051.080193661619 -85047.550793824485 -82304.081409238279 -90534.489550191211 -79560.612033383222 -82304.081409238279 -87791.020170116099 -997443.33478680346 -996138.70411849348 -987733.75939257676 -974682.05276149092 -957963.07231299579 -943601.67061066022 -914404.2364154302 -894342.65547082759 0 0 0 0 0 0 0 0 0
