2
ois 31 0 1 0.0027397260273972603 0.99999888889012345 0.0054794520547945206 0.99999777778148147 0.00821917808219178 0.99999666667407405 0.024657534246575342 0.99998416688587655 0.043835616438356165 0.99997094522778418 0.063013698630136991 0.99995227995274361 0.093150684931506855 0.99993200447629815 0.17534246575342466 0.99989367516977423 0.25205479452054796 0.99988123220332914 0.32876712328767121 0.99988667603078751 0.40547945205479452 0.99989678609829136 0.50136986301369868 0.99991039598979237 1.252054794520548 0.99997250115515868 1.5041095890410958 0.99987623587938856 1.7616438356164383 0.99962395257287295 2.010958904109589 0.99926606461881984 3.0082191780821916 0.99613730536452594 4.0082191780821921 0.98892160537562879 5.0082191780821921 0.97704722476050621 6.0082191780821921 0.96112928952585552 7.0082191780821921 0.94241379100165734 8.0136986301369859 0.92129183554591709 9.0109589041095894 0.89893416986775732 10.010958904109589 0.87584880201546433 11.010958904109589 0.85169794967451473 12.013698630136986 0.82711964458119802 15.013698630136986 0.75699286846920955 20.019178082191782 0.66398154594754089 25.024657534246575 0.58998008234288091 30.030136986301368 0.5258363666833632
proj 37 0.0054794520547945206 1 0.50684931506849318 0.9984165045655603 0.59178082191780823 0.99824424653407917 0.67123287671232879 0.9980982792620442 0.75616438356164384 0.99789482680824249 0.84383561643835614 0.99763714844153584 0.92328767123287669 0.99740855671299489 1.0054794520547945 0.99716805420191967 1.095890410958904 0.99694998391052236 1.1753424657534246 0.99676858996303341 1.252054794520548 0.99655703203914925 1.3397260273972602 0.99624000335849805 1.4191780821917808 0.99595139682349243 1.5041095890410958 0.99564289522691474 1.5890410958904109 0.99536298703866011 1.6712328767123288 0.99509255005268771 1.7616438356164383 0.99474791716047373 1.8410958904109589 0.99436471437092067 1.9232876712328768 0.9939751533352944 2.010958904109589 0.9935546365720197 3.0082191780821916 0.98737404670618356 4.0082191780821921 0.9772382649452489 5.0082191780821921 0.96259111449464008 6.0082191780821921 0.94421209716046051 7.0082191780821921 0.92321740861154389 8.0136986301369859 0.90020385761072996 9.0109589041095894 0.876159412769002 10.010958904109589 0.85151011546081934 12.013698630136986 0.8011999479242039 15.013698630136986 0.73037512056090681 20.019178082191782 0.63712524455920627 25.024657534246575 0.56328836377474467 30.030136986301368 0.49986511191104466 35.027397260273972 0.43834445156518859 40.032876712328765 0.37871954379397338 50.038356164383565 0.28259195003686921 60.046575342465751 0.2120161040060822
7
swap_5y_example 15 10
C -6999.9999999998954 1.0054794520547945 0 0
C -6999.9999999998954 2.010958904109589 0 0
C -6999.9999999998954 3.0082191780821916 0 0
C -6999.9999999998954 4.0082191780821921 0 0
C -6999.9999999998954 5.0082191780821921 0 0
F 1000000 0.0054794520547945206 0.50410958904109593 0.50410958904109593
F 1000000 0.50410958904109593 1.0054794520547945 1.0054794520547945
F 1000000 1.0054794520547945 1.5041095890410958 1.5041095890410958
F 1000000 1.5041095890410958 2.010958904109589 2.010958904109589
F 1000000 2.010958904109589 2.5095890410958903 2.5095890410958903
F 1000000 2.5095890410958903 3.0082191780821916 3.0082191780821916
F 1000000 3.0082191780821916 3.506849315068493 3.506849315068493
F 1000000 3.506849315068493 4.0082191780821921 4.0082191780821921
F 1000000 4.0082191780821921 4.506849315068493 4.506849315068493
F 1000000 4.506849315068493 5.0082191780821921 5.0082191780821921
P 0.50410958904109593 0.0054794520547945206 0.50410958904109593 1000000 1577.3333333333194
P 1.0054794520547945 0.50410958904109593 1.0054794520547945 1000000 1260.6666666665767
P 1.5041095890410958 1.0054794520547945 1.5041095890410958 1000000 1531.8333333331768
P 2.010958904109589 1.5041095890410958 2.010958904109589 1000000 2101.8055555555025
P 2.5095890410958903 2.010958904109589 2.5095890410958903 1000000 3124.9291991524151
P 3.0082191780821916 2.5095890410958903 3.0082191780821916 1000000 3124.9291991521932
P 3.506849315068493 3.0082191780821916 3.506849315068493 1000000 5158.3461573170289
P 4.0082191780821921 3.506849315068493 4.0082191780821921 1000000 5186.7620952763536
P 4.506849315068493 4.0082191780821921 4.506849315068493 1000000 7558.6210157310152
P 5.0082191780821921 4.506849315068493 5.0082191780821921 1000000 7600.3093269823021
swap_1y5y_fwd_example 15 10
C -6999.9999999998954 2.010958904109589 0 0
C -6999.9999999998954 3.0082191780821916 0 0
C -6999.9999999998954 4.0082191780821921 0 0
C -6999.9999999998954 5.0082191780821921 0 0
C -6999.9999999998954 6.0082191780821921 0 0
F 1000000 1.0054794520547945 1.5041095890410958 1.5041095890410958
F 1000000 1.5041095890410958 2.010958904109589 2.010958904109589
F 1000000 2.010958904109589 2.5095890410958903 2.5095890410958903
F 1000000 2.5095890410958903 3.0082191780821916 3.0082191780821916
F 1000000 3.0082191780821916 3.506849315068493 3.506849315068493
F 1000000 3.506849315068493 4.0082191780821921 4.0082191780821921
F 1000000 4.0082191780821921 4.506849315068493 4.506849315068493
F 1000000 4.506849315068493 5.0082191780821921 5.0082191780821921
F 1000000 5.0082191780821921 5.506849315068493 5.506849315068493
F 1000000 5.506849315068493 6.0082191780821921 6.0082191780821921
P 1.5041095890410958 1.0054794520547945 1.5041095890410958 1000000 1531.8333333331768
P 2.010958904109589 1.5041095890410958 2.010958904109589 1000000 2101.8055555555025
P 2.5095890410958903 2.010958904109589 2.5095890410958903 1000000 3124.9291991524151
P 3.0082191780821916 2.5095890410958903 3.0082191780821916 1000000 3124.9291991521932
P 3.506849315068493 3.0082191780821916 3.506849315068493 1000000 5158.3461573170289
P 4.0082191780821921 3.506849315068493 4.0082191780821921 1000000 5186.7620952763536
P 4.506849315068493 4.0082191780821921 4.506849315068493 1000000 7558.6210157310152
P 5.0082191780821921 4.506849315068493 5.0082191780821921 1000000 7600.3093269823021
P 5.506849315068493 5.0082191780821921 5.506849315068493 1000000 9658.8938042470036
P 6.0082191780821921 5.506849315068493 6.0082191780821921 1000000 9712.2215391867157
bond_fixed_4.5_example 10 0
C 2.2499999999999964 0.42465753424657532 0 0
C 2.2499999999999964 0.92876712328767119 0 0
C 2.2499999999999964 1.4246575342465753 0 0
C 2.2499999999999964 1.9342465753424658 0 0
C 2.2499999999999964 2.4246575342465753 0 0
C 2.2499999999999964 2.9315068493150687 0 0
C 2.2499999999999964 3.43013698630137 0 0
C 2.2499999999999964 3.9315068493150687 0 0
C 2.2499999999999964 4.4273972602739722 0 0
C 100 4.4273972602739722 0 0
bond_zero_example 1 0
C 100 0.67671232876712328 0 0
ois_5y_lag2 10 0
C -5069.4444444443488 1.0164383561643835 0 0
C -5097.2222222223081 2.0164383561643837 0 0
C -5055.5555555555911 3.0136986301369864 0 0
C -5069.4444444443488 4.0136986301369859 0 0
C -5069.4444444443488 5.0136986301369859 0 0
O 1000000 0.0054794520547945206 1.0054794520547945 1.0164383561643835
O 1000000 1.0054794520547945 2.010958904109589 2.0164383561643837
O 1000000 2.010958904109589 3.0082191780821916 3.0136986301369864
O 1000000 3.0082191780821916 4.0082191780821921 4.0136986301369859
O 1000000 4.0082191780821921 5.0082191780821921 5.0136986301369859
swap_amort_7y 21 14
C -12000.000000000011 1.0054794520547945 0 0
C -10285.714285714295 2.0054794520547947 0 0
C -8571.4285714285797 3.0054794520547947 0 0
C -6857.1428571428623 4.0082191780821921 0 0
C -5142.8571428571477 5.0082191780821921 0 0
C -3428.5714285714312 6.0082191780821921 0 0
C -1714.2857142857163 7.0082191780821921 0 0
F 1000000 0.0054794520547945206 0.50410958904109593 0.50410958904109593
F 1000000 0.50410958904109593 1.0054794520547945 1.0054794520547945
F 857142.85714285716 1.0054794520547945 1.5041095890410958 1.5041095890410958
F 857142.85714285716 1.5041095890410958 2.010958904109589 2.010958904109589
F 714285.71428571432 2.010958904109589 2.5095890410958903 2.5095890410958903
F 714285.71428571432 2.5095890410958903 3.0082191780821916 3.0082191780821916
F 571428.57142857136 3.0082191780821916 3.506849315068493 3.506849315068493
F 571428.57142857136 3.506849315068493 4.0082191780821921 4.0082191780821921
F 428571.42857142858 4.0082191780821921 4.506849315068493 4.506849315068493
F 428571.42857142858 4.506849315068493 5.0082191780821921 5.0082191780821921
F 285714.28571428568 5.0082191780821921 5.506849315068493 5.506849315068493
F 285714.28571428568 5.506849315068493 6.0082191780821921 6.0082191780821921
F 142857.1428571429 6.0082191780821921 6.506849315068493 6.506849315068493
F 142857.1428571429 6.506849315068493 7.0082191780821921 7.0082191780821921
P 0.50410958904109593 0.0054794520547945206 0.50410958904109593 1000000 1577.3333333333194
P 1.0054794520547945 0.50410958904109593 1.0054794520547945 1000000 1260.6666666665767
P 1.5041095890410958 1.0054794520547945 1.5041095890410958 857142.85714285716 1312.9999999998658
P 2.010958904109589 1.5041095890410958 2.010958904109589 857142.85714285716 1801.5476190475738
P 2.5095890410958903 2.010958904109589 2.5095890410958903 714285.71428571432 2232.0922851088681
P 3.0082191780821916 2.5095890410958903 3.0082191780821916 714285.71428571432 2232.0922851087093
P 3.506849315068493 3.0082191780821916 3.506849315068493 571428.57142857136 2947.6263756097301
P 4.0082191780821921 3.506849315068493 4.0082191780821921 571428.57142857136 2963.8640544436303
P 4.506849315068493 4.0082191780821921 4.506849315068493 428571.42857142858 3239.4090067418638
P 5.0082191780821921 4.506849315068493 5.0082191780821921 428571.42857142858 3257.2754258495579
P 5.506849315068493 5.0082191780821921 5.506849315068493 285714.28571428568 2759.6839440705721
P 6.0082191780821921 5.506849315068493 6.0082191780821921 285714.28571428568 2774.9204397676331
P 6.506849315068493 6.0082191780821921 6.506849315068493 142857.1428571429 1610.7605241527185
P 7.0082191780821921 6.506849315068493 7.0082191780821921 142857.1428571429 1619.6608395591757
swap_stub_spread_6y 33 13
C -1833.3333333333535 0.17534246575342466 0 0
C -10999.999999999898 1.1753424657534246 0 0
C -10999.999999999898 2.1753424657534248 0 0
C -10999.999999999898 3.1753424657534248 0 0
C -10999.999999999898 4.1780821917808222 0 0
C -10999.999999999898 5.1780821917808222 0 0
C -9166.6666666667679 6.0082191780821921 0 0
F 1000000 0.0054794520547945206 0.17534246575342466 0.17534246575342466
C 430.55555555555554 0.17534246575342466 0 0
F 1000000 0.17534246575342466 0.67123287671232879 0.67123287671232879
C 1256.9444444444443 0.67123287671232879 0 0
F 1000000 0.67123287671232879 1.1753424657534246 1.1753424657534246
C 1277.7777777777776 1.1753424657534246 0 0
F 1000000 1.1753424657534246 1.6712328767123288 1.6712328767123288
C 1256.9444444444443 1.6712328767123288 0 0
F 1000000 1.6712328767123288 2.1753424657534248 2.1753424657534248
C 1277.7777777777776 2.1753424657534248 0 0
F 1000000 2.1753424657534248 2.6712328767123288 2.6712328767123288
C 1256.9444444444443 2.6712328767123288 0 0
F 1000000 2.6712328767123288 3.1808219178082191 3.1808219178082191
C 1291.666666666667 3.1808219178082191 0 0
F 1000000 3.1808219178082191 3.6794520547945204 3.6794520547945204
C 1263.8888888888889 3.6794520547945204 0 0
F 1000000 3.6794520547945204 4.1780821917808222 4.1780821917808222
C 1263.8888888888889 4.1780821917808222 0 0
F 1000000 4.1780821917808222 4.6767123287671231 4.6767123287671231
C 1263.8888888888889 4.6767123287671231 0 0
F 1000000 4.6767123287671231 5.1780821917808222 5.1780821917808222
C 1270.8333333333333 5.1780821917808222 0 0
F 1000000 5.1780821917808222 5.6739726027397257 5.6739726027397257
C 1256.9444444444443 5.6739726027397257 0 0
F 1000000.0000000001 5.6739726027397257 6.0082191780821921 6.0082191780821921
C 847.2222222222224 6.0082191780821921 0 0
P 0.17534246575342466 0.0054794520547945206 0.17534246575342466 1000000 537.0541635172367
P 0.67123287671232879 0.17534246575342466 0.67123287671232879 1000000 1367.5555555554556
P 1.1753424657534246 0.67123287671232879 1.1753424657534246 1000000 1334.000000000168
P 1.6712328767123288 1.1753424657534246 1.6712328767123288 1000000 1684.3055555555429
P 2.1753424657534248 1.6712328767123288 2.1753424657534248 1000000 2578.6024788143623
P 2.6712328767123288 2.1753424657534248 2.6712328767123288 1000000 3107.732606376645
P 3.1808219178082191 2.6712328767123288 3.1808219178082191 1000000 3897.1759180854715
P 3.6794520547945204 3.1808219178082191 3.6794520547945204 1000000 5158.3461573170289
P 4.1780821917808222 3.6794520547945204 4.1780821917808222 1000000 5975.379350739996
P 4.6767123287671231 4.1780821917808222 4.6767123287671231 1000000 7558.6210157310161
P 5.1780821917808222 4.6767123287671231 5.1780821917808222 1000000 8315.3253408634318
P 5.6739726027397257 5.1780821917808222 5.6739726027397257 1000000 9605.5688858005524
P 6.0082191780821921 5.6739726027397257 6.0082191780821921 1000000.0000000001 6464.3785403937227
