23
ois_5y_spot 25 0
1.0 1000000.0
0.0 1000000.0
1.0 -1000000.0
1.0 -959692.8982725528
1.0 -35508.637236084454
2.0 959692.8982725528
1.0 959692.8982725528
2.0 -959692.8982725528
2.0 -926440.7863016077
2.0 -34278.309093159485
3.0 926440.7863016078
2.0 926440.7863016078
3.0 -926440.7863016078
3.0 -895681.9150153919
3.0 -33140.2308555695
4.0 895681.9150153919
3.0 895681.9150153919
4.0 -895681.9150153919
4.0 -865065.4029076052
4.0 -32007.41990758139
5.0 865065.4029076052
4.0 865065.4029076052
5.0 -865065.4029076052
5.0 -834200.0028038622
5.0 -30865.4001037429
ois_5y_1y_forward 25 0
2.0 959692.8982725528
1.0 959692.8982725528
2.0 -959692.8982725528
2.0 -926440.7863016077
2.0 -34463.59725041981
3.0 926440.7863016078
2.0 926440.7863016078
3.0 -926440.7863016078
3.0 -895681.9150153919
3.0 -33319.36723857258
4.0 895681.9150153919
3.0 895681.9150153919
4.0 -895681.9150153919
4.0 -865065.4029076052
4.0 -32180.432988162913
5.0 865065.4029076052
4.0 865065.4029076052
5.0 -865065.4029076052
5.0 -834200.0028038622
5.0 -31032.240104303673
6.0 834200.0028038621
5.0 834200.0028038621
6.0 -834200.0028038621
6.0 -803416.6858877768
6.0 -29887.1007150253
bond_4p5pct_seasoned 7 0
0.35 22178.328736139392
0.85 21726.75949703725
1.35 21328.223547293306
1.85 20955.468597501527
2.35 20600.029068689022
2.85 20255.170470354926
3.35 904753.8093398085
zero_coupon_2p4y 1 0
2.4 914012.4723526915
ois_5y_lag_2d 25 0
1.0054794520547945 999806.7956354783
0.0 999806.7956354783
1.0 -999806.7956354783
1.0054794520547945 -959507.4814160061
1.0054794520547945 -35501.77681239222
2.0054794520547947 959515.3594779829
1.0 959515.3594779829
2.0 -959515.3594779829
2.0054794520547947 -926269.3989955889
2.0054794520547947 -34271.967762836786
3.0054794520547947 926264.2451866964
2.0 926264.2451866964
3.0 -926264.2451866964
3.0054794520547947 -895511.2352631391
3.0054794520547947 -33133.91570473615
4.005479452054795 895503.6212456453
3.0 895503.6212456453
4.0 -895503.6212456453
4.005479452054795 -864893.2036377796
4.005479452054795 -32001.048534597845
5.005479452054795 864887.1955413983
4.0 864887.1955413983
5.0 -864887.1955413983
5.005479452054795 -834028.1538489857
5.005479452054795 -30859.04169241247
amortising_7y 35 0
1.0 1000000.0
0.0 1000000.0
1.0 -1000000.0
1.0 -959692.8982725528
1.0 -35988.48368522073
2.0 822593.9128050453
1.0 822593.9128050453
2.0 -822593.9128050453
2.0 -794092.1025442352
2.0 -29778.453845408818
3.0 661743.4187868627
2.0 661743.4187868627
3.0 -661743.4187868627
3.0 -639772.7964395656
3.0 -23991.47986648371
4.0 511818.2371516524
3.0 511818.2371516524
4.0 -511818.2371516524
4.0 -494323.0873757743
4.0 -18537.115776591534
5.0 370742.31553183077
4.0 370742.31553183077
5.0 -370742.31553183077
5.0 -357514.28691594093
5.0 -13406.785759347784
6.0 238342.85794396058
5.0 238342.85794396058
6.0 -238342.85794396058
6.0 -229547.62453936477
6.0 -8608.035920226179
7.0 114773.81226968244
6.0 114773.81226968244
7.0 -114773.81226968244
7.0 -110407.06872019557
7.0 -4140.265077007334
stub_2m_spread_25bp 30 0
0.16666666666666666 1000000.0
0.0 1000000.0
0.16666666666666666 -1000000.0
0.16666666666666666 -993166.4649624996
0.16666666666666666 -5710.707173534371
1.1666666666666667 993166.4649624996
0.16666666666666666 993166.4649624996
1.1666666666666667 -993166.4649624996
1.1666666666666667 -954069.1328553031
1.1666666666666667 -32915.38508350795
2.166666666666667 954069.1328553031
1.1666666666666667 954069.1328553031
2.166666666666667 -954069.1328553031
2.166666666666667 -921241.9154417218
2.166666666666667 -31782.846082739405
3.1666666666666665 921241.9154417218
2.1666666666666665 921241.9154417218
3.1666666666666665 -921241.9154417218
3.1666666666666665 -890504.930401197
3.1666666666666665 -30722.420098841292
4.166666666666666 890504.930401197
3.1666666666666665 890504.930401197
4.166666666666666 -890504.930401197
4.166666666666666 -859842.9814169783
4.166666666666666 -29664.582858885733
5.166666666666667 859842.9814169784
4.166666666666667 859842.9814169784
5.166666666666667 -859842.9814169784
5.166666666666667 -828988.7375047792
5.166666666666667 -28600.111443914877
bond_35y_beyond_pillar 35 0
1.0 38387.71593090211
2.0 37057.63145206431
3.0 35827.276600615674
4.0 34602.616116304205
5.0 33368.000112154485
6.0 32136.667435511074
7.0 30913.97924165475
8.0 29717.95247214106
9.0 28548.645525799686
10.0 27374.502967592518
11.0 26229.09270899308
12.0 25131.608970267192
13.0 24093.60315276262
14.0 23098.46988187645
15.0 22144.43840139273
16.0 21330.840102250706
17.0 20547.133831995056
18.0 19792.221341782468
19.0 19065.04473300905
20.0 18364.58497482132
21.0 17757.515888608883
22.0 17170.51438769391
23.0 16602.917107743062
24.0 16054.082612932676
25.0 15523.390671068804
26.0 15058.339709493075
27.0 14607.220781288484
28.0 14169.616509500904
29.0 13745.12202098791
30.0 13333.3445718286
31.0 12933.903183955415
32.0 12546.428292671773
33.0 12170.561404729426
34.0 11805.954766649098
35.0 297759.04711741983
hedge_ois_1y 5 0
1.0 1000000.0
0.0 1000000.0
1.0 -1000000.0
1.0 -959692.8982725528
1.0 -40307.10172744722
hedge_ois_2y 10 0
1.0 1000000.0
0.0 1000000.0
1.0 -1000000.0
1.0 -959692.8982725528
1.0 -37428.02303262956
2.0 959692.8982725528
1.0 959692.8982725528
2.0 -959692.8982725528
2.0 -926440.7863016077
2.0 -36131.190665762704
hedge_ois_3y 15 0
1.0 1000000.0
0.0 1000000.0
1.0 -1000000.0
1.0 -959692.8982725528
1.0 -35988.48368522073
2.0 959692.8982725528
1.0 959692.8982725528
2.0 -959692.8982725528
2.0 -926440.7863016077
2.0 -34741.52948631029
3.0 926440.7863016078
2.0 926440.7863016078
3.0 -926440.7863016078
3.0 -895681.9150153919
3.0 -33588.07181307719
hedge_ois_4y 20 0
1.0 1000000.0
0.0 1000000.0
1.0 -1000000.0
1.0 -959692.8982725528
1.0 -35508.637236084454
2.0 959692.8982725528
1.0 959692.8982725528
2.0 -959692.8982725528
2.0 -926440.7863016077
2.0 -34278.309093159485
3.0 926440.7863016078
2.0 926440.7863016078
3.0 -926440.7863016078
3.0 -895681.9150153919
3.0 -33140.2308555695
4.0 895681.9150153919
3.0 895681.9150153919
4.0 -895681.9150153919
4.0 -865065.4029076052
4.0 -32007.41990758139
hedge_ois_5y 25 0
1.0 1000000.0
0.0 1000000.0
1.0 -1000000.0
1.0 -959692.8982725528
1.0 -35508.637236084454
2.0 959692.8982725528
1.0 959692.8982725528
2.0 -959692.8982725528
2.0 -926440.7863016077
2.0 -34278.309093159485
3.0 926440.7863016078
2.0 926440.7863016078
3.0 -926440.7863016078
3.0 -895681.9150153919
3.0 -33140.2308555695
4.0 895681.9150153919
3.0 895681.9150153919
4.0 -895681.9150153919
4.0 -865065.4029076052
4.0 -32007.41990758139
5.0 865065.4029076052
4.0 865065.4029076052
5.0 -865065.4029076052
5.0 -834200.0028038622
5.0 -30865.4001037429
hedge_ois_6y 30 0
1.0 1000000.0
0.0 1000000.0
1.0 -1000000.0
1.0 -959692.8982725528
1.0 -35700.575815738965
2.0 959692.8982725528
1.0 959692.8982725528
2.0 -959692.8982725528
2.0 -926440.7863016077
2.0 -34463.59725041981
3.0 926440.7863016078
2.0 926440.7863016078
3.0 -926440.7863016078
3.0 -895681.9150153919
3.0 -33319.36723857258
4.0 895681.9150153919
3.0 895681.9150153919
4.0 -895681.9150153919
4.0 -865065.4029076052
4.0 -32180.432988162913
5.0 865065.4029076052
4.0 865065.4029076052
5.0 -865065.4029076052
5.0 -834200.0028038622
5.0 -31032.240104303673
6.0 834200.0028038621
5.0 834200.0028038621
6.0 -834200.0028038621
6.0 -803416.6858877768
6.0 -29887.1007150253
hedge_ois_7y 35 0
1.0 1000000.0
0.0 1000000.0
1.0 -1000000.0
1.0 -959692.8982725528
1.0 -35988.48368522073
2.0 959692.8982725528
1.0 959692.8982725528
2.0 -959692.8982725528
2.0 -926440.7863016077
2.0 -34741.52948631029
3.0 926440.7863016078
2.0 926440.7863016078
3.0 -926440.7863016078
3.0 -895681.9150153919
3.0 -33588.07181307719
4.0 895681.9150153919
3.0 895681.9150153919
4.0 -895681.9150153919
4.0 -865065.4029076052
4.0 -32439.952609035194
5.0 865065.4029076052
4.0 865065.4029076052
5.0 -865065.4029076052
5.0 -834200.0028038622
5.0 -31282.50010514483
6.0 834200.0028038621
5.0 834200.0028038621
6.0 -834200.0028038621
6.0 -803416.6858877768
6.0 -30128.12572079163
7.0 803416.6858877769
6.0 803416.6858877769
7.0 -803416.6858877769
7.0 -772849.4810413688
7.0 -28981.85553905133
hedge_ois_8y 40 0
1.0 1000000.0
0.0 1000000.0
1.0 -1000000.0
1.0 -959692.8982725528
1.0 -36276.391554702495
2.0 959692.8982725528
1.0 959692.8982725528
2.0 -959692.8982725528
2.0 -926440.7863016077
2.0 -35019.46172220077
3.0 926440.7863016078
2.0 926440.7863016078
3.0 -926440.7863016078
3.0 -895681.9150153919
3.0 -33856.77638758181
4.0 895681.9150153919
3.0 895681.9150153919
4.0 -895681.9150153919
4.0 -865065.4029076052
4.0 -32699.472229907475
5.0 865065.4029076052
4.0 865065.4029076052
5.0 -865065.4029076052
5.0 -834200.0028038622
5.0 -31532.76010598599
6.0 834200.0028038621
5.0 834200.0028038621
6.0 -834200.0028038621
6.0 -803416.6858877768
6.0 -30369.150726557964
7.0 803416.6858877769
6.0 803416.6858877769
7.0 -803416.6858877769
7.0 -772849.4810413688
7.0 -29213.710383363737
8.0 772849.4810413687
7.0 772849.4810413687
8.0 -772849.4810413687
8.0 -742948.8118035265
8.0 -28083.4650861733
hedge_ois_9y 45 0
1.0 1000000.0
0.0 1000000.0
1.0 -1000000.0
1.0 -959692.8982725528
1.0 -36564.29942418426
2.0 959692.8982725528
1.0 959692.8982725528
2.0 -959692.8982725528
2.0 -926440.7863016077
2.0 -35297.393958091256
3.0 926440.7863016078
2.0 926440.7863016078
3.0 -926440.7863016078
3.0 -895681.9150153919
3.0 -34125.48096208643
4.0 895681.9150153919
3.0 895681.9150153919
4.0 -895681.9150153919
4.0 -865065.4029076052
4.0 -32958.991850779756
5.0 865065.4029076052
4.0 865065.4029076052
5.0 -865065.4029076052
5.0 -834200.0028038622
5.0 -31783.02010682715
6.0 834200.0028038621
5.0 834200.0028038621
6.0 -834200.0028038621
6.0 -803416.6858877768
6.0 -30610.175732324296
7.0 803416.6858877769
6.0 803416.6858877769
7.0 -803416.6858877769
7.0 -772849.4810413688
7.0 -29445.56522767615
8.0 772849.4810413687
7.0 772849.4810413687
8.0 -772849.4810413687
8.0 -742948.8118035265
8.0 -28306.34972971436
9.0 742948.8118035266
8.0 742948.8118035266
9.0 -742948.8118035266
9.0 -713716.1381449922
9.0 -27192.5848633242
hedge_ois_10y 50 0
1.0 1000000.0
0.0 1000000.0
1.0 -1000000.0
1.0 -959692.8982725528
1.0 -36948.17658349328
2.0 959692.8982725528
1.0 959692.8982725528
2.0 -959692.8982725528
2.0 -926440.7863016077
2.0 -35667.9702726119
3.0 926440.7863016078
2.0 926440.7863016078
3.0 -926440.7863016078
3.0 -895681.9150153919
3.0 -34483.75372809258
4.0 895681.9150153919
3.0 895681.9150153919
4.0 -895681.9150153919
4.0 -865065.4029076052
4.0 -33305.0180119428
5.0 865065.4029076052
4.0 865065.4029076052
5.0 -865065.4029076052
5.0 -834200.0028038622
5.0 -32116.700107948694
6.0 834200.0028038621
5.0 834200.0028038621
6.0 -834200.0028038621
6.0 -803416.6858877768
6.0 -30931.542406679408
7.0 803416.6858877769
6.0 803416.6858877769
7.0 -803416.6858877769
7.0 -772849.4810413688
7.0 -29754.705020092697
8.0 772849.4810413687
7.0 772849.4810413687
8.0 -772849.4810413687
8.0 -742948.8118035265
8.0 -28603.52925443577
9.0 742948.8118035266
8.0 742948.8118035266
9.0 -742948.8118035266
9.0 -713716.1381449922
9.0 -27478.0713185822
10.0 713716.1381449922
9.0 713716.1381449922
10.0 -713716.1381449922
10.0 -684362.574189813
10.0 -26347.959106307797
hedge_ois_12y 60 0
1.0 1000000.0
0.0 1000000.0
1.0 -1000000.0
1.0 -959692.8982725528
1.0 -37619.96161228407
2.0 959692.8982725528
1.0 959692.8982725528
2.0 -959692.8982725528
2.0 -926440.7863016077
2.0 -36316.478823023026
3.0 926440.7863016078
2.0 926440.7863016078
3.0 -926440.7863016078
3.0 -895681.9150153919
3.0 -35110.73106860336
4.0 895681.9150153919
3.0 895681.9150153919
4.0 -895681.9150153919
4.0 -865065.4029076052
4.0 -33910.56379397812
5.0 865065.4029076052
4.0 865065.4029076052
5.0 -865065.4029076052
5.0 -834200.0028038622
5.0 -32700.640109911397
6.0 834200.0028038621
5.0 834200.0028038621
6.0 -834200.0028038621
6.0 -803416.6858877768
6.0 -31493.93408680085
7.0 803416.6858877769
6.0 803416.6858877769
7.0 -803416.6858877769
7.0 -772849.4810413688
7.0 -30295.699656821656
8.0 772849.4810413687
7.0 772849.4810413687
8.0 -772849.4810413687
8.0 -742948.8118035265
8.0 -29123.593422698235
9.0 742948.8118035266
8.0 742948.8118035266
9.0 -742948.8118035266
9.0 -713716.1381449922
9.0 -27977.672615283693
10.0 713716.1381449922
9.0 713716.1381449922
10.0 -713716.1381449922
10.0 -684362.574189813
10.0 -26827.012908240667
11.0 684362.574189813
10.0 684362.574189813
11.0 -684362.574189813
11.0 -655727.3177248271
11.0 -25704.51085481322
12.0 655727.3177248271
11.0 655727.3177248271
12.0 -655727.3177248271
12.0 -628290.2242566798
12.0 -24628.97679086185
hedge_ois_15y 75 0
1.0 1000000.0
0.0 1000000.0
1.0 -1000000.0
1.0 -959692.8982725528
1.0 -38195.7773512476
2.0 959692.8982725528
1.0 959692.8982725528
2.0 -959692.8982725528
2.0 -926440.7863016077
2.0 -36872.34329480399
3.0 926440.7863016078
2.0 926440.7863016078
3.0 -926440.7863016078
3.0 -895681.9150153919
3.0 -35648.14021761259
4.0 895681.9150153919
3.0 895681.9150153919
4.0 -895681.9150153919
4.0 -865065.4029076052
4.0 -34429.603035722685
5.0 865065.4029076052
4.0 865065.4029076052
5.0 -865065.4029076052
5.0 -834200.0028038622
5.0 -33201.160111593716
6.0 834200.0028038621
5.0 834200.0028038621
6.0 -834200.0028038621
6.0 -803416.6858877768
6.0 -31975.984098333516
7.0 803416.6858877769
6.0 803416.6858877769
7.0 -803416.6858877769
7.0 -772849.4810413688
7.0 -30759.409345446475
8.0 772849.4810413687
7.0 772849.4810413687
8.0 -772849.4810413687
8.0 -742948.8118035265
8.0 -29569.362709780355
9.0 742948.8118035266
8.0 742948.8118035266
9.0 -742948.8118035266
9.0 -713716.1381449922
9.0 -28405.902298170688
10.0 713716.1381449922
9.0 713716.1381449922
10.0 -713716.1381449922
10.0 -684362.574189813
10.0 -27237.630452754554
11.0 684362.574189813
10.0 684362.574189813
11.0 -684362.574189813
11.0 -655727.3177248271
11.0 -26097.94724544812
12.0 655727.3177248271
11.0 655727.3177248271
12.0 -655727.3177248271
12.0 -628290.2242566798
12.0 -25005.950925415855
13.0 628290.2242566798
12.0 628290.2242566798
13.0 -628290.2242566798
13.0 -602340.0788190655
13.0 -23973.135136998808
14.0 602340.0788190656
13.0 602340.0788190656
14.0 -602340.0788190656
14.0 -577461.7470469113
14.0 -22982.977532467066
15.0 577461.7470469113
14.0 577461.7470469113
15.0 -577461.7470469113
15.0 -553610.9600348183
15.0 -22033.716209385766
hedge_ois_20y 100 0
1.0 1000000.0
0.0 1000000.0
1.0 -1000000.0
1.0 -959692.8982725528
1.0 -37907.86948176583
2.0 959692.8982725528
1.0 959692.8982725528
2.0 -959692.8982725528
2.0 -926440.7863016077
2.0 -36594.41105891351
3.0 926440.7863016078
2.0 926440.7863016078
3.0 -926440.7863016078
3.0 -895681.9150153919
3.0 -35379.43564310798
4.0 895681.9150153919
3.0 895681.9150153919
4.0 -895681.9150153919
4.0 -865065.4029076052
4.0 -34170.0834148504
5.0 865065.4029076052
4.0 865065.4029076052
5.0 -865065.4029076052
5.0 -834200.0028038622
5.0 -32950.900110752555
6.0 834200.0028038621
5.0 834200.0028038621
6.0 -834200.0028038621
6.0 -803416.6858877768
6.0 -31734.959092567184
7.0 803416.6858877769
6.0 803416.6858877769
7.0 -803416.6858877769
7.0 -772849.4810413688
7.0 -30527.554501134066
8.0 772849.4810413687
7.0 772849.4810413687
8.0 -772849.4810413687
8.0 -742948.8118035265
8.0 -29346.478066239295
9.0 742948.8118035266
8.0 742948.8118035266
9.0 -742948.8118035266
9.0 -713716.1381449922
9.0 -28191.78745672719
10.0 713716.1381449922
9.0 713716.1381449922
10.0 -713716.1381449922
10.0 -684362.574189813
10.0 -27032.32168049761
11.0 684362.574189813
10.0 684362.574189813
11.0 -684362.574189813
11.0 -655727.3177248271
11.0 -25901.22905013067
12.0 655727.3177248271
11.0 655727.3177248271
12.0 -655727.3177248271
12.0 -628290.2242566798
12.0 -24817.463858138854
13.0 628290.2242566798
12.0 628290.2242566798
13.0 -628290.2242566798
13.0 -602340.0788190655
13.0 -23792.433113353087
14.0 602340.0788190656
13.0 602340.0788190656
14.0 -602340.0788190656
14.0 -577461.7470469113
14.0 -22809.739008352994
15.0 577461.7470469113
14.0 577461.7470469113
15.0 -577461.7470469113
15.0 -553610.9600348183
15.0 -21867.63292137532
16.0 553610.9600348183
15.0 553610.9600348183
16.0 -553610.9600348183
16.0 -533271.0025562677
16.0 -21064.204600972575
17.0 533271.0025562677
16.0 533271.0025562677
17.0 -533271.0025562677
17.0 -513678.3457998764
17.0 -20290.294659095118
18.0 513678.3457998764
17.0 513678.3457998764
18.0 -513678.3457998764
18.0 -494805.5335445617
18.0 -19544.818575010187
19.0 494805.53354456177
18.0 494805.53354456177
19.0 -494805.53354456177
19.0 -476626.1183252263
19.0 -18826.73167384644
20.0 476626.1183252263
19.0 476626.1183252263
20.0 -476626.1183252263
20.0 -459114.624370533
20.0 -18135.027662636054
hedge_ois_25y 125 0
1.0 1000000.0
0.0 1000000.0
1.0 -1000000.0
1.0 -959692.8982725528
1.0 -37236.08445297505
2.0 959692.8982725528
1.0 959692.8982725528
2.0 -959692.8982725528
2.0 -926440.7863016077
2.0 -35945.90250850238
3.0 926440.7863016078
2.0 926440.7863016078
3.0 -926440.7863016078
3.0 -895681.9150153919
3.0 -34752.4583025972
4.0 895681.9150153919
3.0 895681.9150153919
4.0 -895681.9150153919
4.0 -865065.4029076052
4.0 -33564.53763281508
5.0 865065.4029076052
4.0 865065.4029076052
5.0 -865065.4029076052
5.0 -834200.0028038622
5.0 -32366.96010878985
6.0 834200.0028038621
5.0 834200.0028038621
6.0 -834200.0028038621
6.0 -803416.6858877768
6.0 -31172.56741244574
7.0 803416.6858877769
6.0 803416.6858877769
7.0 -803416.6858877769
7.0 -772849.4810413688
7.0 -29986.559864405106
8.0 772849.4810413687
7.0 772849.4810413687
8.0 -772849.4810413687
8.0 -742948.8118035265
8.0 -28826.413897976825
9.0 742948.8118035266
8.0 742948.8118035266
9.0 -742948.8118035266
9.0 -713716.1381449922
9.0 -27692.186160025696
10.0 713716.1381449922
9.0 713716.1381449922
10.0 -713716.1381449922
10.0 -684362.574189813
10.0 -26553.267878564744
11.0 684362.574189813
10.0 684362.574189813
11.0 -684362.574189813
11.0 -655727.3177248271
11.0 -25442.21992772329
12.0 655727.3177248271
11.0 655727.3177248271
12.0 -655727.3177248271
12.0 -628290.2242566798
12.0 -24377.660701159177
13.0 628290.2242566798
12.0 628290.2242566798
13.0 -628290.2242566798
13.0 -602340.0788190655
13.0 -23370.79505817974
14.0 602340.0788190656
13.0 602340.0788190656
14.0 -602340.0788190656
14.0 -577461.7470469113
14.0 -22405.515785420157
15.0 577461.7470469113
14.0 577461.7470469113
15.0 -577461.7470469113
15.0 -553610.9600348183
15.0 -21480.10524935095
16.0 553610.9600348183
15.0 553610.9600348183
16.0 -553610.9600348183
16.0 -533271.0025562677
16.0 -20690.914899183186
17.0 533271.0025562677
16.0 533271.0025562677
17.0 -533271.0025562677
17.0 -513678.3457998764
17.0 -19930.719817035202
18.0 513678.3457998764
17.0 513678.3457998764
18.0 -513678.3457998764
18.0 -494805.5335445617
18.0 -19198.454701528994
19.0 494805.53354456177
18.0 494805.53354456177
19.0 -494805.53354456177
19.0 -476626.1183252263
19.0 -18493.093391018778
20.0 476626.1183252263
19.0 476626.1183252263
20.0 -476626.1183252263
20.0 -459114.624370533
20.0 -17813.64742557668
21.0 459114.6243705329
20.0 459114.6243705329
21.0 -459114.6243705329
21.0 -443937.89721522207
21.0 -17224.790411950617
22.0 443937.89721522207
21.0 443937.89721522207
22.0 -443937.89721522207
22.0 -429262.85969234776
22.0 -16655.398956063094
23.0 429262.85969234776
22.0 429262.85969234776
23.0 -429262.85969234776
23.0 -415072.9276935765
23.0 -16104.82959451077
24.0 415072.92769357655
23.0 415072.92769357655
24.0 -415072.92769357655
24.0 -401352.0653233169
24.0 -15572.460134544695
25.0 401352.0653233169
24.0 401352.0653233169
25.0 -401352.0653233169
25.0 -388084.7667767201
25.0 -15057.68895093674
hedge_ois_30y 150 0
1.0 1000000.0
0.0 1000000.0
1.0 -1000000.0
1.0 -959692.8982725528
1.0 -36468.330134357006
2.0 959692.8982725528
1.0 959692.8982725528
2.0 -959692.8982725528
2.0 -926440.7863016077
2.0 -35204.749879461095
3.0 926440.7863016078
2.0 926440.7863016078
3.0 -926440.7863016078
3.0 -895681.9150153919
3.0 -34035.91277058489
4.0 895681.9150153919
3.0 895681.9150153919
4.0 -895681.9150153919
4.0 -865065.4029076052
4.0 -32872.485310489
5.0 865065.4029076052
4.0 865065.4029076052
5.0 -865065.4029076052
5.0 -834200.0028038622
5.0 -31699.600106546764
6.0 834200.0028038621
5.0 834200.0028038621
6.0 -834200.0028038621
6.0 -803416.6858877768
6.0 -30529.834063735518
7.0 803416.6858877769
6.0 803416.6858877769
7.0 -803416.6858877769
7.0 -772849.4810413688
7.0 -29368.280279572013
8.0 772849.4810413687
7.0 772849.4810413687
8.0 -772849.4810413687
8.0 -742948.8118035265
8.0 -28232.054848534004
9.0 742948.8118035266
8.0 742948.8118035266
9.0 -742948.8118035266
9.0 -713716.1381449922
9.0 -27121.2132495097
10.0 713716.1381449922
9.0 713716.1381449922
10.0 -713716.1381449922
10.0 -684362.574189813
10.0 -26005.777819212894
11.0 684362.574189813
10.0 684362.574189813
11.0 -684362.574189813
11.0 -655727.3177248271
11.0 -24917.63807354343
12.0 655727.3177248271
11.0 655727.3177248271
12.0 -655727.3177248271
12.0 -628290.2242566798
12.0 -23875.028521753833
13.0 628290.2242566798
12.0 628290.2242566798
13.0 -628290.2242566798
13.0 -602340.0788190655
13.0 -22888.92299512449
14.0 602340.0788190656
13.0 602340.0788190656
14.0 -602340.0788190656
14.0 -577461.7470469113
14.0 -21943.546387782626
15.0 577461.7470469113
14.0 577461.7470469113
15.0 -577461.7470469113
15.0 -553610.9600348183
15.0 -21037.216481323092
16.0 553610.9600348183
15.0 553610.9600348183
16.0 -553610.9600348183
16.0 -533271.0025562677
16.0 -20264.298097138173
17.0 533271.0025562677
16.0 533271.0025562677
17.0 -533271.0025562677
17.0 -513678.3457998764
17.0 -19519.7771403953
18.0 513678.3457998764
17.0 513678.3457998764
18.0 -513678.3457998764
18.0 -494805.5335445617
18.0 -18802.610274693343
19.0 494805.53354456177
18.0 494805.53354456177
19.0 -494805.53354456177
19.0 -476626.1183252263
19.0 -18111.792496358597
20.0 476626.1183252263
19.0 476626.1183252263
20.0 -476626.1183252263
20.0 -459114.624370533
20.0 -17446.35572608025
21.0 459114.6243705329
20.0 459114.6243705329
21.0 -459114.6243705329
21.0 -443937.89721522207
21.0 -16869.640094178438
22.0 443937.89721522207
21.0 443937.89721522207
22.0 -443937.89721522207
22.0 -429262.85969234776
22.0 -16311.988668309215
23.0 429262.85969234776
22.0 429262.85969234776
23.0 -429262.85969234776
23.0 -415072.9276935765
23.0 -15772.771252355908
24.0 415072.92769357655
23.0 415072.92769357655
24.0 -415072.92769357655
24.0 -401352.0653233169
24.0 -15251.378482286043
25.0 401352.0653233169
24.0 401352.0653233169
25.0 -401352.0653233169
25.0 -388084.7667767201
25.0 -14747.221137515364
26.0 388084.7667767201
25.0 388084.7667767201
26.0 -388084.7667767201
26.0 -376458.4927373269
26.0 -14305.422724018423
27.0 376458.49273732695
26.0 376458.49273732695
27.0 -376458.49273732695
27.0 -365180.5195322121
27.0 -13876.85974222406
28.0 365180.5195322121
27.0 365180.5195322121
28.0 -365180.5195322121
28.0 -354240.4127375226
28.0 -13461.13568402586
29.0 354240.4127375226
28.0 354240.4127375226
29.0 -354240.4127375226
29.0 -343628.05052469776
29.0 -13057.865919938515
30.0 343628.05052469776
29.0 343628.05052469776
30.0 -343628.05052469776
30.0 -333333.614295715
30.0 -12666.67734323717
