1000000.001667316 964491.3643716365 930213.0552220008 897072.8243109154 865065.4043490241 0.0 0.0 0.0 0.0 0.0 0.0 0.0 0.0 0.0 0.0 0.0
4606.525919421074 964299.4257907775 929835.8284835694 896516.4611891805 864336.0281464175 833303.7879922994 0.0 0.0 0.0 0.0 0.0 0.0 0.0 0.0 0.0 0.0
-1014122.8633240098 -970886.0370272305 -929180.7159438031 -316663.83333329577 0.0 0.0 0.0 0.0 0.0 0.0 0.0 0.0 0.0 0.0 0.0 0.0
-914012.4738763552 -914012.4738763552 -365604.9890385475 0.0 0.0 0.0 0.0 0.0 0.0 0.0 0.0 0.0 0.0 0.0 0.0 0.0
999806.8038837408 964286.6171975577 930041.4054032597 896907.2997268841 864894.8168780103 -6.678685382510707e-13 0.0 0.0 0.0 0.0 0.0 0.0 0.0 0.0 0.0 0.0
999785.9319150574 826698.4624735322 664571.3246011062 512625.2851933104 370507.39733554405 237929.18238384798 114547.33398812152 0.0 0.0 0.0 0.0 0.0 0.0 0.0 0.0 0.0
983625.869239886 955244.597085666 923272.9944499442 892373.8366358975 862532.9475217403 142931.47483114808 0.0 0.0 0.0 0.0 0.0 0.0 0.0 0.0 0.0 0.0
-1048969.9867286254 -1010582.2707340121 -973524.639219977 -937697.3625598475 -903094.7463854682 -869726.7462173477 -837590.078728972 -806676.0994365904 -776958.1469136756 -748409.5013397746 -1415840.9108500928 -1937737.2385119088 -2796074.7822152916 -2334388.3646500763 -3555066.352132708 0.0
1000000.0016663878 0.0 0.0 0.0 0.0 0.0 0.0 0.0 0.0 0.0 0.0 0.0 0.0 0.0 0.0 0.0
1000000.0016663898 962571.9785709657 0.0 0.0 0.0 0.0 0.0 0.0 0.0 0.0 0.0 0.0 0.0 0.0 0.0 0.0
1000000.0016663898 964011.5179207759 929269.988377216 0.0 0.0 0.0 0.0 0.0 0.0 0.0 0.0 0.0 0.0 0.0 0.0 0.0
1000000.0016663898 964491.3643707104 930213.0552210746 897072.8243099892 0.0 0.0 0.0 0.0 0.0 0.0 0.0 0.0 0.0 0.0 0.0 0.0
1000000.001667316 964491.3643716365 930213.0552220008 897072.8243109154 865065.4043490241 0.0 0.0 0.0 0.0 0.0 0.0 0.0 0.0 0.0 0.0 0.0
1000000.0016664302 964299.4257907702 929835.828483562 896516.4611891799 864336.0281464179 833303.7879923 0.0 0.0 0.0 0.0 0.0 0.0 0.0 0.0 0.0 0.0
1000000.0016664262 964011.5179208124 929269.9883772501 895681.9165079127 863241.9638438454 831959.4636884687 801831.33791685 0.0 0.0 0.0 0.0 0.0 0.0 0.0 0.0 0.0
1000000.0016655985 963723.610050024 928704.1482701125 894847.3718258219 862147.8995404481 830615.1393838172 800245.9886060297 771032.2781740717 0.0 0.0 0.0 0.0 0.0 0.0 0.0 0.0
1000000.0016655974 963435.7021800576 928138.3081637966 894012.8271445507 861053.8352378797 829270.8150799841 798660.6392960299 769215.0740193767 740908.724242521 0.0 0.0 0.0 0.0 0.0 0.0 0.0
1000000.0016663602 963051.8250208683 927383.8546894717 892900.1009036187 859595.0828352056 827478.3826756378 796546.8402167949 766792.1351472045 738188.6058451323 710710.5344805245 0.0 0.0 0.0 0.0 0.0 0.0
1000000.0016670832 962380.0399916831 926063.5611087832 890952.829981395 857042.2661299267 824341.6259674245 792847.691827526 762551.9921202953 733428.3986491004 705450.7259869592 1331542.9216984124 0.0 0.0 0.0 0.0 0.0
1000000.0016671458 961804.2242518151 924931.8808962255 889283.7406189084 854854.1375248408 821652.9773598051 789676.9932075642 758917.5838109406 729348.2210519107 700942.3187061714 1321311.4356026312 1796873.1451845586 0.0 0.0 0.0 0.0
1000000.0016671714 962092.1321218197 925497.7210025702 890118.2853002177 855948.2018274541 822997.3016636762 791262.3425176064 760734.7879656885 731388.3098505761 703196.522346638 1326427.1786513922 1805941.9409123636 2581834.5391257172 0.0 0.0 0.0
1000000.0016676199 962763.9171521764 926818.0145844121 892065.5562236129 858501.0185338864 826134.058373052 794961.4909080332 764974.9309937647 736148.5170477931 708456.3308413521 1338363.9124306012 1827102.464275464 2624688.107947095 2176852.2829084108 0.0 0.0
1000000.001668086 963531.6714725195 928326.9215350447 894291.0087074778 861418.5233412354 829718.9231837547 799189.0890684953 769820.8087401144 741588.7538445531 714467.5405495946 1352005.8938928992 1851285.9195480812 2673663.6151711443 2235061.518483808 1864675.5454254525 0.0
