1000000.0000945935 964491.3628600049 930213.0537626242 897072.8229057492 865065.4029996264 0.0 0.0 0.0 0.0 0.0 0.0 0.0 0.0 0.0 0.0 0.0
4606.525908093317 964299.4242839267 929835.8270292191 896516.4597893271 864336.0268026117 833303.7866896301 0.0 0.0 0.0 0.0 0.0 0.0 0.0 0.0 0.0 0.0
-1014122.8617611341 -970886.0355312936 -929180.7145113125 -316663.83327450603 0.0 0.0 0.0 0.0 0.0 0.0 0.0 0.0 0.0 0.0 0.0 0.0
-914012.4724479392 -914012.4724479392 -365604.9889465794 0.0 0.0 0.0 0.0 0.0 0.0 0.0 0.0 0.0 0.0 0.0 0.0 0.0
999806.8023113251 964286.6156862169 930041.4039441535 896907.2983219916 864894.8155288917 -6.591949208711867e-13 0.0 0.0 0.0 0.0 0.0 0.0 0.0 0.0 0.0 0.0
999785.9303472363 826698.4611812154 664571.3235605967 512625.2843917859 370507.396758382 237929.18201141502 114547.3338087794 0.0 0.0 0.0 0.0 0.0 0.0 0.0 0.0 0.0
983625.8676994111 955244.5956006704 923272.9930187997 892373.8352505824 862532.9461810907 142931.47482560016 0.0 0.0 0.0 0.0 0.0 0.0 0.0 0.0 0.0 0.0
-1048969.9850883335 -1010582.2691554204 -973524.6376972646 -937697.3610930145 -903094.7449756786 -869726.7448576167 -837590.0774216279 -806676.0981781408 -776958.1456994638 -748409.500173293 -1415840.9021236002 -1937737.2119249776 -2796074.677701108 -2334388.2774049416 -3555065.847830847 0.0
1000000.0001022735 0.0 0.0 0.0 0.0 0.0 0.0 0.0 0.0 0.0 0.0 0.0 0.0 0.0 0.0 0.0
1000000.0001022817 962571.9770709565 0.0 0.0 0.0 0.0 0.0 0.0 0.0 0.0 0.0 0.0 0.0 0.0 0.0 0.0
1000000.0000982799 964011.5164145299 929269.9869239368 0.0 0.0 0.0 0.0 0.0 0.0 0.0 0.0 0.0 0.0 0.0 0.0 0.0
1000000.0000982982 964491.3628637096 930213.0537663287 897072.8229094538 0.0 0.0 0.0 0.0 0.0 0.0 0.0 0.0 0.0 0.0 0.0 0.0
1000000.0000945935 964491.3628600049 930213.0537626242 897072.8229057492 865065.4029996264 0.0 0.0 0.0 0.0 0.0 0.0 0.0 0.0 0.0 0.0 0.0
1000000.0000981527 964299.4242839086 929835.8270292282 896516.4597893408 864336.0268026162 833303.7866896347 0.0 0.0 0.0 0.0 0.0 0.0 0.0 0.0 0.0 0.0
1000000.0000947056 964011.5164109647 929269.9869203715 895681.9151059425 863241.962498314 831959.4623844705 801831.3366614484 0.0 0.0 0.0 0.0 0.0 0.0 0.0 0.0 0.0
1000000.0000980208 963723.6085447466 928704.1468182405 894847.3704292746 862147.898200751 830615.1380860364 800245.9873572206 771032.2769726417 0.0 0.0 0.0 0.0 0.0 0.0 0.0 0.0
1000000.0000948557 963435.7006720301 928138.3067096021 894012.8257461356 861053.8338966898 829270.8137811269 798660.6380465354 769215.0728176193 740908.7230832847 0.0 0.0 0.0 0.0 0.0 0.0 0.0
1000000.0000979161 963051.8235157614 927383.853238789 892900.0995092246 859595.0814986099 827478.3813818794 796546.838972863 766792.1339514941 738188.6046924228 710710.5333705931 0.0 0.0 0.0 0.0 0.0 0.0
1000000.000097907 962380.03848689 926063.5596594238 890952.8285892975 857042.2647965915 824341.6246778452 792847.6905886509 762551.990930524 733428.3975031303 705450.7248845311 1331542.9134972238 0.0 0.0 0.0 0.0 0.0
1000000.0000954241 961804.222745377 924931.8794460486 889283.7392269211 854854.1361923708 821652.9760718913 789676.9919711369 758917.5826243081 729348.2199098071 700942.3176082782 1321311.4274638882 1796873.120578025 0.0 0.0 0.0 0.0
1000000.000097741 962092.1306171907 925497.7195537753 890118.2839091301 855948.2004955384 822997.3003758892 791262.3412809512 760734.7867784005 731388.3087074896 703196.5212474347 1326427.1704790075 1805941.9161727624 2581834.4429171267 0.0 0.0 0.0
1000000.0000994304 962763.9156478153 926818.0131348753 892065.5548308104 858501.0171993462 826134.057081731 794961.4896668982 764974.9298012147 736148.5158985351 708456.3297352405 1338363.9041814513 1827102.4392289245 2624688.0099841245 2176852.2016994436 0.0 0.0
1000000.0000979798 963531.6699649137 928326.9200812082 894291.0073092661 861418.5220001399 829718.9218848234 799189.0878189314 769820.8075380261 741588.7526848109 714467.5394321984 1352005.8855572825 1851285.8941482862 2673663.515198177 2235061.434919344 1864675.47577422 0.0
