1000000.0266666583 964491.3884838027 930213.0784763633 897072.8467368595 865065.4259759705 0.0 0.0 0.0 0.0 0.0 0.0 0.0 0.0 0.0 0.0 0.0
4606.526034779108 964299.4498992538 929835.8517296116 896516.483602329 864336.0497562435 833303.8088244154 0.0 0.0 0.0 0.0 0.0 0.0 0.0 0.0 0.0 0.0
-1014122.8883786243 -970886.0610119882 -929180.7388956659 -316663.83430332644 0.0 0.0 0.0 0.0 0.0 0.0 0.0 0.0 0.0 0.0 0.0 0.0
-914012.4967263546 -914012.4967263546 -365604.99050086946 0.0 0.0 0.0 0.0 0.0 0.0 0.0 0.0 0.0 0.0 0.0 0.0 0.0
999806.8288782586 964286.6413052626 930041.4286531885 896907.3221483638 864894.8385005002 -6.657001339060997e-13 0.0 0.0 0.0 0.0 0.0 0.0 0.0 0.0 0.0 0.0
999785.9569098924 826698.4831416098 664571.3412152852 512625.29800889443 370507.4065986504 237929.18833191023 114547.3368517909 0.0 0.0 0.0 0.0 0.0 0.0 0.0 0.0 0.0
983625.8938068954 955244.6208338573 923273.0174032713 892373.8588212745 862532.9689644468 142931.47493051493 0.0 0.0 0.0 0.0 0.0 0.0 0.0 0.0 0.0 0.0
-1048970.0129530684 -1010582.2959983198 -973524.6635580552 -937697.3860021099 -903094.7689630557 -869726.7679611105 -837590.0996685959 -806676.1196026346 -776958.1663381541 -748409.5200509182 -1415841.0504671338 -1937737.6639096474 -2796076.4544796254 -2334389.7605867824 -3555074.4210122502 0.0
1000000.0266666501 0.0 0.0 0.0 0.0 0.0 0.0 0.0 0.0 0.0 0.0 0.0 0.0 0.0 0.0 0.0
1000000.0266666495 962572.0026360664 0.0 0.0 0.0 0.0 0.0 0.0 0.0 0.0 0.0 0.0 0.0 0.0 0.0 0.0
1000000.0266666495 964011.5420218626 929270.0116089196 0.0 0.0 0.0 0.0 0.0 0.0 0.0 0.0 0.0 0.0 0.0 0.0 0.0
1000000.0266668899 964491.3884840343 930213.078476595 897072.8467370912 0.0 0.0 0.0 0.0 0.0 0.0 0.0 0.0 0.0 0.0 0.0 0.0
1000000.0266666583 964491.3884838027 930213.0784763633 897072.8467368595 865065.4259759705 0.0 0.0 0.0 0.0 0.0 0.0 0.0 0.0 0.0 0.0 0.0
1000000.0266668812 964299.4498992536 929835.851729612 896516.483602328 864336.0497562435 833303.8088244156 0.0 0.0 0.0 0.0 0.0 0.0 0.0 0.0 0.0 0.0
1000000.0266666657 964011.5420218788 929270.0116089364 895681.9388999818 863241.985426105 831959.484486762 801831.3579625362 0.0 0.0 0.0 0.0 0.0 0.0 0.0 0.0 0.0
1000000.0266668721 963723.6341449263 928704.1714886803 894847.3941980561 862147.9210963863 830615.160149529 800246.0086131097 771032.297450698 0.0 0.0 0.0 0.0 0.0 0.0 0.0 0.0
1000000.0266668723 963435.7262677667 928138.3313682181 894012.8494959264 861053.8567664628 829270.835812091 798660.6592634774 769215.0932505708 740908.7427659915 0.0 0.0 0.0 0.0 0.0 0.0 0.0
1000000.0266668735 963051.849098224 927383.877874272 892900.1232264204 859595.1043265654 827478.4033621734 796546.860130635 766792.1543170667 738188.6242998416 710710.552248413 0.0 0.0 0.0 0.0 0.0 0.0
1000000.0266668729 962380.0640515167 926063.5842598588 890952.8522547765 857042.2875567391 824341.6465748118 792847.7116481571 762552.0111834334 733428.4169840788 705450.743622626 1331543.0529249033 0.0 0.0 0.0 0.0 0.0
1000000.0266668621 961804.2482971849 924931.9040189311 889283.7628505072 854854.1588968828 821652.9978999256 789677.01294888 758917.6027831695 729348.2392848409 700942.3362290817 1321311.5657757933 1796873.5389409056 0.0 0.0 0.0 0.0
1000000.0266668486 962092.1561743354 925497.7441393749 890118.3075526207 855948.2232267921 822997.3222373475 791262.3622984985 760734.8069832826 731388.3281344421 703196.5399258389 1326427.3093503541 1805942.3367880678 2581836.0784313455 0.0 0.0 0.0
1000000.0266668451 962763.9412210362 926818.037753784 892065.5785242581 858501.039996612 826134.0790247084 794961.5107809734 764974.9501169128 736148.5354502053 708456.3485516207 1338364.0443576458 1827102.8650981504 2624689.6753536616 2176853.5822776835 0.0 0.0
1000000.0266668416 963531.6955601252 928326.9447416774 894291.0310632737 861418.5448764078 829718.9439245425 799189.1090466583 769820.8279839195 741588.7723824994 714467.558409658 1352006.027222937 1851286.326024163 2673665.2146933665 2235062.8554952405 1864676.6597888472 0.0
