1000000.0004176513 964491.3631654185 930213.0540578696 897072.8231903308 865065.4032682092 0.0 0.0 0.0 0.0 0.0 0.0 0.0 0.0 0.0 0.0 0.0
4606.525913623045 964299.4245856879 929835.8273208123 896516.4600701883 864336.0270674111 833303.7869498093 0.0 0.0 0.0 0.0 0.0 0.0 0.0 0.0 0.0 0.0
-1014122.8620696347 -970886.0358269885 -929180.7147953659 -316663.8332849834 0.0 0.0 0.0 0.0 0.0 0.0 0.0 0.0 0.0 0.0 0.0 0.0
-914012.4727343209 -914012.4727343209 -365604.98896520585 0.0 0.0 0.0 0.0 0.0 0.0 0.0 0.0 0.0 0.0 0.0 0.0 0.0
999806.802634332 964286.6159915568 930041.4042393524 896907.2986065224 864894.8157974192 -6.678685382510707e-13 0.0 0.0 0.0 0.0 0.0 0.0 0.0 0.0 0.0 0.0
999785.9306662087 826698.461440047 664571.3237696972 512625.2845530993 370507.3968726412 237929.1820859464 114547.33384474479 0.0 0.0 0.0 0.0 0.0 0.0 0.0 0.0 0.0
983625.8680098944 955244.5958974203 923272.9932997063 892373.8355278146 862532.9464488641 142931.47482563654 0.0 0.0 0.0 0.0 0.0 0.0 0.0 0.0 0.0 0.0
-1048969.985418953 -1010582.2694697417 -973524.638004601 -937697.3613887094 -903094.7452574037 -869726.7451323569 -837590.0776823983 -806676.0984272696 -776958.145943936 -748409.5004061237 -1415840.90386983 -1937737.2172428295 -2796074.698602315 -2334388.29485327 -3555065.9486907534 0.0
1000000.0004176535 0.0 0.0 0.0 0.0 0.0 0.0 0.0 0.0 0.0 0.0 0.0 0.0 0.0 0.0 0.0
1000000.000417649 962571.9773680703 0.0 0.0 0.0 0.0 0.0 0.0 0.0 0.0 0.0 0.0 0.0 0.0 0.0 0.0
1000000.0004176536 964011.5167160684 929269.9872151888 0.0 0.0 0.0 0.0 0.0 0.0 0.0 0.0 0.0 0.0 0.0 0.0 0.0
1000000.0004176513 964491.3631654185 930213.0540578696 897072.8231903308 0.0 0.0 0.0 0.0 0.0 0.0 0.0 0.0 0.0 0.0 0.0 0.0
1000000.0004176513 964491.3631654185 930213.0540578696 897072.8231903308 865065.4032682092 0.0 0.0 0.0 0.0 0.0 0.0 0.0 0.0 0.0 0.0 0.0
1000000.0004176593 964299.42458568 929835.8273208044 896516.4600701802 864336.0270674054 833303.7869498138 0.0 0.0 0.0 0.0 0.0 0.0 0.0 0.0 0.0 0.0
1000000.0004159369 964011.5167143517 929269.9872134721 895681.9153882338 863241.9627644799 831959.4626459434 801831.336913217 0.0 0.0 0.0 0.0 0.0 0.0 0.0 0.0 0.0
1000000.0004159278 963723.6088447593 928704.1471078759 894847.3707080188 862147.898463279 830615.1383437986 800245.9876051989 771032.2772112817 0.0 0.0 0.0 0.0 0.0 0.0 0.0 0.0
1000000.0004175286 963435.7009767405 928138.3070038441 894012.8260293726 861053.8341636561 829270.8140432274 798660.6382987633 769215.0730604362 740908.7233171886 0.0 0.0 0.0 0.0 0.0 0.0 0.0
1000000.0004175126 963051.8238172771 927383.8535296909 892900.099789058 859595.081762045 827478.3816403578 796546.8392214098 766792.1341905275 738188.6049224385 710710.5335930373 0.0 0.0 0.0 0.0 0.0 0.0
1000000.0004174762 962380.0387881601 926063.5599499255 890952.8288685214 857042.2650592081 824341.624935314 792847.6908360062 762551.9911681658 733428.3977315681 705450.7251052746 1331542.915137893 0.0 0.0 0.0 0.0 0.0
1000000.0004161347 961804.2230476066 924931.8797373644 889283.7395066681 854854.1364554194 821652.9763296467 789676.9922186149 758917.5828619637 729348.220138113 700942.3178287261 1321311.4290941053 1796873.125499403 0.0 0.0 0.0 0.0
1000000.0004160472 962092.1309171615 925497.7198428502 890118.2841868728 855948.2007565645 822997.3006317312 791262.3415265341 760734.7870143064 731388.3089340823 703196.5214662602 1326427.1721161627 1805941.9211206578 2581834.462158955 0.0 0.0 0.0
1000000.0004160347 962763.9159462114 926818.0134226122 892065.5551073605 858501.0174593799 826134.0573367078 794961.4899118887 764974.930036601 736148.5161248811 708456.3299539649 1338363.9058348262 1827102.4442378553 2624688.029575327 2176852.217938997 0.0 0.0
1000000.0004168304 963531.670265902 928326.920371719 894291.007588754 861418.5222633659 829718.9221432472 799189.0880673872 769820.8077772415 741588.752915186 714467.5396550065 1352005.8872275695 1851285.8992286464 2673663.5351941003 2235061.4516327367 1864675.4897078972 0.0
