1000000.0066671345 964491.3691939092 930213.0598723607 897072.8287958428 865065.4086750615 0.0 0.0 0.0 0.0 0.0 0.0 0.0 0.0 0.0 0.0 0.0
4606.525942454027 964299.4306125296 929835.8331324857 896516.4656717706 864336.0324692526 833303.7921577875 0.0 0.0 0.0 0.0 0.0 0.0 0.0 0.0 0.0 0.0
-1014122.8683348163 -970886.0418241238 -929180.7205340592 -316663.8335274183 0.0 0.0 0.0 0.0 0.0 0.0 0.0 0.0 0.0 0.0 0.0 0.0
-914012.4784462387 -914012.4784462387 -365604.989331041 0.0 0.0 0.0 0.0 0.0 0.0 0.0 0.0 0.0 0.0 0.0 0.0 0.0
999806.808882597 964286.6220189353 930041.4100527302 896907.3042109187 864894.8212031552 -6.657001339060997e-13 0.0 0.0 0.0 0.0 0.0 0.0 0.0 0.0 0.0 0.0
999785.9369142558 826698.4666072555 664571.3279237825 512625.2877564464 370507.39918851305 237929.18357319903 114547.33456083105 0.0 0.0 0.0 0.0 0.0 0.0 0.0 0.0 0.0
983625.8741522715 955244.6018354248 923272.9990407369 892373.8410731266 862532.9518100534 142931.4748513434 0.0 0.0 0.0 0.0 0.0 0.0 0.0 0.0 0.0 0.0
-1048969.9919731356 -1010582.2757870192 -973524.6440873016 -937697.3672484746 -903094.7509012185 -869726.7505666241 -837590.0829164311 -806676.1034686351 -776958.1507984549 -748409.5050825272 -1415840.9387734719 -1937737.3235917185 -2796075.11666778 -2334388.643836428 -3555067.9659075104 0.0
1000000.0066666536 0.0 0.0 0.0 0.0 0.0 0.0 0.0 0.0 0.0 0.0 0.0 0.0 0.0 0.0 0.0
1000000.0066666541 962571.983384089 0.0 0.0 0.0 0.0 0.0 0.0 0.0 0.0 0.0 0.0 0.0 0.0 0.0 0.0
1000000.0066666541 964011.5227410956 929269.9930233072 0.0 0.0 0.0 0.0 0.0 0.0 0.0 0.0 0.0 0.0 0.0 0.0 0.0
1000000.0066671345 964491.3691939092 930213.0598723607 897072.8287958428 0.0 0.0 0.0 0.0 0.0 0.0 0.0 0.0 0.0 0.0 0.0 0.0
1000000.0066671345 964491.3691939092 930213.0598723607 897072.8287958428 865065.4086750615 0.0 0.0 0.0 0.0 0.0 0.0 0.0 0.0 0.0 0.0 0.0
1000000.0066666893 964299.4306125296 929835.8331324857 896516.4656717695 864336.032469254 833303.7921577869 0.0 0.0 0.0 0.0 0.0 0.0 0.0 0.0 0.0 0.0
1000000.0066666882 964011.5227411308 929269.9930233419 895681.9209863289 863241.9681612105 831959.4678472345 801831.3419258168 0.0 0.0 0.0 0.0 0.0 0.0 0.0 0.0 0.0
1000000.0066670998 963723.614870139 928704.1529146086 894847.3763012998 862147.903853579 830615.1435370941 800245.9926083031 771032.2820297676 0.0 0.0 0.0 0.0 0.0 0.0 0.0 0.0
1000000.0066671026 963435.706998743 928138.3128054693 894012.8316158637 861053.8395455404 829270.8192265462 798660.643290379 769215.0778659845 740908.7279478092 0.0 0.0 0.0 0.0 0.0 0.0 0.0
1000000.0066667234 963051.8298364904 927383.8593262235 892900.1053682304 859595.0871344348 827478.3868120948 796546.8441994335 766792.1389805633 738188.6095356833 710710.5380338748 0.0 0.0 0.0 0.0 0.0 0.0
1000000.0066670827 962380.0448035809 926063.565738591 890952.8344358932 857042.2704160273 824341.6300878379 792847.6957913062 762551.9959320991 733428.4023154896 705450.72951365 1331542.947943659 0.0 0.0 0.0 0.0 0.0
1000000.006667418 961804.2290611208 924931.8855206309 889283.7450653621 854854.141800282 821652.9814670718 789676.997155783 758917.5876048682 729348.2246982045 700942.3222106204 1321311.4616366464 1796873.2239361787 0.0 0.0 0.0 0.0
1000000.0066676748 962092.1369327751 925497.7256300307 890118.2897510497 855948.2061085881 822997.3057778815 791262.3464739735 760734.7917689102 731388.3135072782 703196.5258625686 1326427.2047901184 1805942.0200874032 2581834.8469863646 0.0 0.0 0.0
1000000.0066676904 962763.9219660641 926818.0192180471 892065.5606837573 858501.0228273568 826134.0625025088 794961.4948824802 764974.9348177448 736148.5207278366 708456.334383166 1338363.93881493 1827102.5444402879 2624688.42142795 2176852.5427826717 0.0 0.0
1000000.0066678637 963531.6762899708 928326.9261759358 894291.0131784481 861418.5276489877 829718.9273308265 799189.0930637816 769820.812588008 741588.7575515023 714467.5441211472 1352005.9205575625 1851286.000843587 2673663.935075076 2235061.78588643 1864675.7682982727 0.0
